mz_rt,KM1513-125m_A,KM1513-125m_B,KM1513-125m_C,KM1513-15m_A,KM1513-15m_B,KM1513-15m_C,KM1513-45m_A,KM1513-45m_B,KM1513-45m_C,KM1513-75m_A,KM1513-75m_B,KM1513-75m_C
138.022491_689.4,0.12789278976320062,0.08566211985358584,0.1936139418509746,0.06692579778919548,0.07647309790696763,0.05139153273587955,0.07869338816862553,0.06900879467210977,0.07538192480107943,0.05014518484511753,0.044449126333737266,0.08036230127952677
167.996671_729,0.03554160585797275,0.024123652667112052,0.026128055282699885,0.14297020338808317,0.15655824453082653,0.1580681865724263,0.07883710727587988,0.10705483870913311,0.08178448729342663,0.02489594827246524,0.05578756530987408,0.10825010484010042
242.077697_513,0,0,0,0.165725405632424,0.21699968224040353,0.27224848681957886,0,0,0.19117920889263343,0,0,0.15384721641496024
155.001422_640.2,0.03995546333640543,0.031080122356453684,0.03747390487778378,0.22700358541539728,0.23684836770505285,0.22348188936945335,0.03607842825545298,0.0381904221350506,0.033428852597728785,0.021174242229001574,0.03495851660753933,0.04032620511468032
195.05048_647.4,0,0,0,0,0.4603020199809762,0.3074356957444741,0,0.16254997060352028,0,0,0,0.06971231367102936
102.0549424_728.6243451,0.04653947624680061,0.03487622863074531,0.04000410288345102,0.11351510575511961,0.12309303661155724,0.10896020800842189,0.07580318688838615,0.09913014884021193,0.08327149909177924,0.061701295032710386,0.0799201039172568,0.13318560809355987
124.006394_652.5603017,0.072597745338577,0.07229086109308773,0.12062483046348889,0.09177111854457032,0.0963030973035277,0.07995556474723318,0.07560502628903881,0.08493375498538887,0.07391413780615837,0.05006260336383674,0.0695617513676243,0.11237950869746803
126.9039935_287.951141,0.048726462349527974,0.051541409000403604,0.06094357193526978,0.12335462260586208,0.15018164769606407,0.14505230328389548,0.08669169206435301,0.09520343504387242,0.07574013852406397,0.032695822263575244,0.04084559770732362,0.08902329752578873
139.0156775_434.5020319,0.028826180603316345,0.029399473730964413,0.007305875744401983,0.1478374924005155,0.18396613822309954,0.18205320008606693,0.03991502696046637,0.03506318643491743,0.07493919794991666,0.04292862183201746,0.09011821357082947,0.137647392463488
148.9234908_214.0767263,0.07516111399370942,0.09245623067837509,0.08923020368571272,0,0.04830352042838622,0.04535964134727332,0.1087893389095792,0.1345212700023082,0.15751051104235797,0.036272372239492055,0.10974994386462535,0.10264585380818042
167.0203618_633.4822175,0.013261925566968445,0.004846152374911444,0.006487546192175929,0.24251653703534454,0.2844313219666709,0.1613122405311481,0.06652921200742062,0.055616352383763425,0.04816658312373182,0.05848641134253656,0.02608435994618204,0.03226135752914624
172.0066965_326.6395585,0.03007106283974388,0.03248311061769807,0.0722830765255088,0.18566363173737488,0.2051469525894833,0.19852987416502693,0.051240568350872547,0.0534539682130255,0.05140132745038946,0.025692938004998903,0.03589225812403204,0.05814123138184572
186.0253259_727.1395421,0.033601796261114786,0.07457316221375798,0.08268740901833813,0.06475336029921372,0.07025111984414725,0.18075486316182382,0.05065068515491732,0.06206995906114251,0.05951633192924582,0.05081402969099506,0.11799784372104222,0.15232943964426143
192.9130555_223.118902,0.009028849266146511,0.010929992725441472,0.014690216742247755,0.1023330496406631,0.12749220690164542,0.14943564222525701,0.12393891604059905,0.10128930632920616,0.07599388649586199,0.07637112017815867,0.07729523327037319,0.13120158018439962
192.9808412_175.5976961,0.008595949539401689,0.007977654049070047,0.003233245299871515,0.1422558308505992,0.17611899999332478,0.12436350806678018,0.24900269774244882,0.1345241897829165,0.06908575871851548,0.020698955344430312,0.04057012309810703,0.023573087514534453
194.9964701_722.4974859,0.0032513723440592127,0.0032653690247936126,0.004603120252926283,0.16158156685238415,0.1819282290802027,0.1787422023886048,0.07724556027461561,0.0923405226967473,0.08326960080395919,0.04864353342296786,0.07309037612965746,0.09203854672908182
214.0388327_314.7142973,0.06513735024451374,0.0658265702798833,0.09719748311666394,0.08992726695641942,0.11789195449927063,0.09851688250665439,0.0664622291784433,0.08076571928303015,0.06964332229430478,0.05597533130262965,0.07041358816590526,0.12224230217228144
214.0484319_700.9751319,0.016086730509086614,0.0173663805160042,0.02521976193106802,0.2605321953253273,0.2567628764528334,0.1919779726853325,0.04841130682222483,0.048889198706664576,0.05276170892836512,0.017306130277393573,0.026343577818612733,0.038342160027087124
217.929975_652.2021629,0.0422083760657004,0.11191793264919923,0.19499460804867969,0.042933243487526564,0.08232660741647516,0.09476878629841523,0.04404110280469681,0.08873413781730846,0.08032309090038023,8.438685991234319e-4,0.06282429869121661,0.15408394722127822
219.9270866_651.9006032,0.03500372928069459,0.10271653031323544,0.20089451655555418,0.04638608004672816,0.07641744959819617,0.09942436721978518,0.03408774007948425,0.09443245867437285,0.09620877976165028,0.0014248423828047581,0.06431153512540567,0.14869197096208836
221.0220122_623.3766186,0,0,0,0.37261153144982945,0.26651590503178757,0.36087256351838304,0,0,0,0,0,0
225.1606781_131.9582175,0.02219669635184871,0.027749909442011698,0.042923602711968274,0.01027443051859044,0.7688528945750812,0.01820177632927729,0.02294532234723348,0.027999773095484373,0.01840661282665616,0.012288692185745083,0.010433666113833012,0.017726623502270188
229.1557499_120.144437,0.029153438427002496,0.040376365389411605,0.056007667529891336,0.1739590502378761,0.21759216182849225,0.18551265241597142,0.04722743126617199,0.0463311238232737,0.04452799489031697,0.024931593216156678,0.04305993102697887,0.09132058994845658
232.0231044_646.4212236,0,0,0,0.13267311525189884,0.11139028272692794,0.09644422219049423,0.21324880663836476,0.23760031689866848,0.1578654773498459,0,0.026685086654559355,0.02409269228924055
239.0020288_173.2638476,0,0,0.01042515461327719,0.34699889342262114,0.22781484116594963,0.38314020901954354,0.006476853667508869,0.0204812015557002,0.002982890879663206,0.0016799556757362067,0,0
241.0119291_821.2617255,0.029230705876457107,0.013219455017197162,0.023098594128204992,0.19639771109573098,0.2061606896266489,0.1750932264381297,0.07865972168657255,0.0673617281145995,0.07570197556600965,0.015240303568650672,0.04918886053136107,0.07064702835043767
243.1715204_110.5154884,0.02920888165819647,0.04869959620544377,0.06025430059389628,0.18635851396287637,0.20975999683757157,0.19082410615665954,0.04297190406647314,0.04393069601033527,0.044981035984850724,0.02355572379725987,0.04155180929519937,0.07790343543123768
244.0828365_596.4450335,0,0,0,0.3542405135584511,0.3194794733081675,0.3262800131333814,0,0,0,0,0,0
261.9826976_727.39342,0.012497112344040832,0.15382768437401148,0.15745610605933555,0.013466973318350315,0.0016844552436768448,0.19784231832570154,0.021048872497655215,0.02219420687838692,0.015707388807392177,0.001983488886931391,0.10074888396175988,0.3015425093027578
267.0725633_670.4821969,0.0028206144182942538,0.0021151075995551757,0.0027329155934644406,0.13830786974330353,0.14312931394444406,0.1335816440218363,0.09334376817085606,0.11413026060721572,0.10386702006358162,0.06173461918579534,0.0782170415428084,0.1260198251088451
275.9414441_102.0994851,0,0,0,0,0.18605123419821593,0.4447826667656507,0,0,0.3691660990361334,0,0,0
276.9109069_107.1877033,0,0,0,0.24343888899833754,0.15082447683114783,0.5481319890342535,0,0.03135397097454948,0.026250674161711587,0,0,0
277.9097374_107.3293631,0,0,0,0.17032027817464898,0.30425718490602033,0.4358435217137152,0.026134228213896576,0.025017562805171877,0.03842722418654698,0,0,0
292.0727303_653.7302589,0.019075641325513273,0.029253520543226674,0.04308007463011865,0.18284910611136795,0.21151938415048396,0.2275631203042012,0.053898124313284085,0.06033054008851684,0.07128092823009631,0.007441368959516216,0.031200221823271937,0.06250796952040294
300.870537_288.4335608,0,0,0.08565290929214098,0.09686386286184688,0.22415871293966066,0.1360863670314101,0,0.0569257082401688,0.0433377457822455,0,0.02401703842762228,0.3329576554249048
304.0789513_167.9387041,0.060332483677940654,0.03987976581516709,0.04419376877751503,0.13384925055496805,0.13225365008213907,0.12252837712440971,0.07476113267757675,0.09708012910108726,0.08614907173140143,0.05676249235332081,0.05485115005382034,0.09735872805065375
316.0457357_756.7242862,0.012751381343909312,0.014185367650797143,0.014927599203190116,0.12994263781401957,0.1216946126889194,0.13841368895943318,0.1300289098884495,0.11957943060612812,0.09588541832241547,0.03469987349547433,0.05924366796000998,0.12864741206725389
317.0552535_725.7078449,0.024811862489570055,0.030401531913136135,0.037940654272571414,0.24701832153550057,0.21365753952260616,0.21751185886878827,0.03430756421572366,0.03848253589467189,0.03958918331346868,0.017344866690392795,0.03907701961326102,0.059857061670309374
325.0188103_669.2491176,3.210381130994027e-4,0.0031898260494463613,0.0052190669113784905,0.09003929371873859,0.08294039129205417,0.23374442619550853,0.06972738485515367,0.08775413793352002,0.08039579682404485,0.02293550809215773,0.09270751063028229,0.23102561938461583
327.1203644_625.1518472,0,0,0,0.38637314628485625,0.3607521605441033,0.2528746931710405,0,0,0,0,0,0
329.0856293_260.1655719,0.03878741261035487,0.041986793547391085,0.0687932357714953,0.11918668133148437,0.09554852439854293,0.11206081588944931,0.07790617566116272,0.0817661593558702,0.08686559983871464,0.0629531309432052,0.08112494754349672,0.13302052310883258
331.1153856_676.8722483,0,0,0,0.29976594013300373,0.30318214368584817,0.35628560299683476,0.009349835934948715,0.008137460581739867,0.009074567865673787,0.0035782388455257086,0.004724454571896308,0.005901755384528985
338.0059928_593.9406375,0,0,0,0.17622887807250365,0.1944535224858088,0.6278791838507485,0,0,0,0,0.0014384155909390123,0
340.00284_595.5132478,0,0,0,0.19022194759663066,0.23108518805742245,0.5786928643459469,0,0,0,0,0,0
346.0564275_723.6659792,0.038244845200334804,0.03424918349864503,0.13215011476717306,0.1403356723088368,0.12299052380592145,0.11358476587838258,0.05871159028600963,0.06449485329071966,0.059335525820271365,0.06338025318915227,0.07829471460999168,0.09422795734456173
379.0830228_682.0450424,0.023474511910761726,0.020304401136925564,0.02709527689633272,0.09605025544577288,0.13511863741306288,0.07837085424008294,0.07151431229776738,0.11915605629489137,0.11130479595655098,0.041887286152201546,0.06959468212752035,0.20612893012812966
386.0341495_967.2362856,0.03885921098083457,0.04171799568838132,0.05396354113515136,0.09560481303012977,0.0884203871724621,0.060263953691478335,0.1966008704070293,0.1453969782522966,0.10421124863139994,0.07106566601691153,0.04858333781360164,0.0553119971803235
387.2255927_131.8390778,0.016302556653165694,0.035046376671784334,0.0415766849035448,0.24376357051415298,0.23863024634512564,0.20481138915647987,0.022488917609704256,0.014074641789348086,0.010314403861382125,0.01577701920989247,0.029314692707179388,0.12789950057824026
401.2410226_128.3798692,0.029871864270231228,0.055819055618797984,0.055648593971542155,0.18824026032341534,0.20865798168203628,0.16792298087094917,0.058898040523928746,0.021042398080885507,0.039291152206102485,0.015768036920402365,0.03789311331444607,0.12094652221726274
414.1638193_545.0549765,0.055631033714817785,0.08709995983195339,0.12240106300384447,0.10761956492609726,0.12799833202360572,0.163504181437689,0.04011724013958285,0.047144021354589824,0.034434895631560734,0.03687408195818805,0.060786995019812363,0.11638863095825863
429.1256607_738.9774037,6.396017125847752e-4,0,0.0029958541946097893,0.17917666514774586,0.20829662686374228,0.19244751181557038,0.08944745524455344,0.09281449965517725,0.07967212637662267,0.03317047790041198,0.04592981800669593,0.07540936308228567
479.7913702_107.6099593,0.0028732123251966127,0.006663414128754992,0.010875612036353784,0.1869480304014705,0.22744544995121993,0.3449915509476706,0.07779477018913554,0.03359305682853929,0.038003012213884656,0.02430915222190763,0.023041587200375552,0.023461151555490934
495.0783251_133.2875885,0,0,0,0.18645127065884065,0.40454281096844175,0.40900591837271755,0,0,0,0,0,0
533.052121_132.0131845,0,0,0,0.2482095836428159,0.3416575373896233,0.3342673392348661,0.012129256763699185,0.013992587772211445,0.009021164507843904,0.002430508416083935,0.012431446435860711,0.025860575836995626
606.0756192_778.9529008,0.03580526472403729,0.038674831477476544,0.10135220868173644,0.11911838133758029,0.09983378491132897,0.1119332139783025,0.06671613525075792,0.09094529496947024,0.06873094378520771,0.04942312646046387,0.07947847378550975,0.13798834063812843
620.9939013_130.1805811,0,0,0,0.12420760039318526,0.1811693983181075,0.17370543357951307,0.13959115582602125,0.12611186970882557,0.10236515854181623,0.01913635700798998,0.05480697424302418,0.07890605238151707
622.9910523_130.1810401,0,0,0,0.12637768367306929,0.20465069982453687,0.20914971561696505,0.09045835728122924,0.0891299279912825,0.10045690739862659,0.01662503132407028,0.07195860774391416,0.09119306914630607
267.072946_454.2,0.04574360918359301,0.0472569055414797,0.14200097799888678,0.11443477625601534,0.11915665073914475,0.09831594727088783,0.06487145864825905,0.07309701605307356,0.06898984596218875,0.08306069361138281,0.05878572248293487,0.0842863962521536
124.990857_432,0.048094060370003834,0.06845295045690707,0.092720247512407,0.07650526915855432,0.11236103126199679,0.09545101903606373,0.05135821630944768,0.0817252498379723,0.09930718768699581,0.03849522155169903,0.05774397034415287,0.17778557647379964
128.034768_478.2,0.04906768699467833,0.0479173996648415,0.05754723505616939,0.13368729368247323,0.05965653738109639,0.05483482075456556,0.05508857213073051,0.04477747596036938,0.07819490520148531,0.1450523538642381,0.11780146640767583,0.1563742529016765
133.0137_718.2,0.05185904152671662,0.03518836230364634,0.03834107980906034,0.11330098127051988,0.16954968801254958,0.1378585282669907,0.10857279634319342,0.08503224345773984,0.08762253707127549,0.0509977023197848,0.05724039728947829,0.06443664232904475
166.017406_224.4,0.03451082432254954,0.02091179381655641,0.051585342687256466,0.20927584619638137,0.24647168192321162,0.27575482063661777,0.016148101580929893,0.01381364389735577,0.022624610907013783,0.012718668553700872,0.02322725873363658,0.07295740674479002
662.101304_636,0.018018231847331406,0,0.030727535650916158,0.09909989751858302,0.12452006233779128,0.07731204613090258,0.13628089549130531,0.20158237269707047,0.14933267617620277,0.04833270685455395,0.05824851200564065,0.05654506328970244
341.10839_715.8,0.034476949814909244,0.019742797015624407,0.022453155589373736,0.1038589302056149,0.11417440448294919,0.08395073232359275,0.09645250362957422,0.1165959553456057,0.10495771305805482,0.103747041508688,0.09820009786591039,0.10138971916010264
168.980687_796.5,0.02249709549441332,0.023560561932910482,0.018914728222785372,0.12191882481270873,0.13210881670141428,0.14468541587082115,0.07547731001706878,0.08713483306325995,0.08231898694166696,0.044326074627206,0.09763264230071106,0.1494247100150339
241.082448_196.2,0,0,0,0.1651530229074132,0.2150295602553906,0.14842031570498926,0.13291781935120459,0.14839399024090977,0.05415217994619196,0,0,0.13593311159390062
341.10839_780,0.01789381831342596,0.010508747131059403,0.009604193109333565,0.251839267084418,0.27234344616051726,0.19929562130148726,0.04330782788535414,0.05205979945630165,0.04495380942615943,0.031921023271030906,0.030900062906996772,0.035372383953915607
243.061713_361.2,0.03504234788021509,0.03533071721484446,0.07630878893673926,0.17838056111689396,0.1677506576985074,0.14829254428104832,0.060248608370979076,0.07408255508218393,0.06279110602656145,0.03963585036729599,0.04525645307206543,0.07687980995266562
