mz_rt,KM1513-125m_A,KM1513-125m_B,KM1513-125m_C,KM1513-15m_A,KM1513-15m_B,KM1513-15m_C,KM1513-45m_A,KM1513-45m_B,KM1513-45m_C,KM1513-75m_A,KM1513-75m_B,KM1513-75m_C
131.129671_37.2,0.07008604211103386,0.03599869685626333,0.03391226073031506,0.12443687398297,0.12421707207814851,0.0950960692961476,0.09318466667331259,0.07389898998850972,0.09079593600522826,0.08428232416762702,0.07086501036710782,0.10322605774333625
137.046336_76.2,0.05547978060083253,0.08716781713339362,0.11215294064033547,0.10313247958816023,0.0919768184600643,0.13397022473054404,0.05981501187380784,0.08060573831134211,0.08126429139163749,0.05468826091100327,0.07029902674564441,0.06944760961323468
613.159793_55.2,0.025402245148893676,0.02025077908966642,0.05021040553220838,0.16942257275652833,0.14461887199760062,0.14643472408848157,0.0865200621517108,0.08213958002953667,0.06241263650969516,0.07513218133363825,0.07905702607609293,0.058398915285947144
130.1592387_241.155707,0,0,0,0,0,0,1,0,0,0,0,0
136.0619203_53.22192963,0.07382758631018381,0.04910269255573111,0.06469658543542262,0.0739786393668941,0.12028020853058285,0.09836534312112806,0.09162017445031774,0.11422037141813465,0.10651886088587545,0.0503760607016891,0.07375243244741779,0.08326104477662273
137.0459343_62.90067139,0.05727723879094682,0.05279720618386943,0.1034961312232921,0.14348004654054555,0.12012345900429708,0.1388895214725873,0.07127152563145911,0.057291139661750444,0.06918087150599236,0.05663218126542983,0.0567076916779008,0.07285298704192912
137.0459449_71.8348792,0.05727723879094682,0.05279720618386943,0.1034961312232921,0.14348004654054555,0.12012345900429708,0.1388895214725873,0.07127152563145911,0.057291139661750444,0.06918087150599236,0.05663218126542983,0.0567076916779008,0.07285298704192912
146.0601298_115.1621115,0.059636970004788646,0.05317149662122478,0.06950220585968644,0.11266198795457529,0.11186768862790986,0.11287900606729237,0.05661322034855127,0.08543306206675172,0.07554746632003093,0.08205653894411488,0.06976307530842707,0.1108672818766468
152.0567647_64.83684643,0.05405943066391314,0.05966136202265379,0.07599423140490877,0.12134345799558896,0.13482923768651603,0.13302305969786374,0.06901792566069588,0.08087115692138308,0.08458023529672432,0.045450819551869366,0.06224749867461382,0.07892158442326913
152.1282209_63.9090288,0.10395497762877293,0.011130221847217089,0.0032419387719549195,0.013036441907384117,0.10986741863959924,0.03371711007807773,0.05219742563988694,0.04531536526512809,0.029050604963789407,0.24771233350707567,0.06805377186594634,0.2827223898851675
162.0775647_67.80700508,0.07334752484379732,0.035818339667164224,0.04199328221571486,0.08008284252757054,0.12771719569504983,0.06761949680788337,0.108878922394793,0.14172349641866544,0.09338552055782978,0.040040952013432725,0.05246147518807978,0.13693095167001906
166.0863823_67.38254579,0.058210399843555014,0.048262697473002124,0.07649893657085412,0.14760523251878135,0.13864769698404758,0.12359537448703357,0.06316301734755536,0.064769467772541,0.07339634762042821,0.05542302388462484,0.06025746867560635,0.09017033682197052
168.0517475_62.96376063,0.008298695144127085,0.008633178237291601,0.010238420280771734,0.2053300182043826,0.309152358746958,0.2749585492386314,0.04315394363080854,0.031316841913889774,0.03745036210862572,0.021253174483532603,0.026229153340020125,0.02398530467096087
175.0788755_60.22615831,0.008277631367993098,0.00854928334784156,0.005279875972667275,0.11827617752322037,0.22196426022105034,0.19830577446160874,0.08298917413850175,0.08367318321401854,0.08937640046268677,0.03638286500861772,0.06283935074377411,0.0840860235380197
182.0674339_70.35688732,0.0225712618304641,0.022942107065714278,0.04356442787070552,0.18010742474520455,0.20694555072591525,0.23510685292352357,0.024980352706967985,0.03587634165518476,0.06741794594829592,0.05064375767996143,0.06917983432111696,0.040664142526945724
190.1439161_50.03322992,0.03369869187999559,0.022626173134265914,0,0.1191845906767131,0.1416399954325494,0.1519238300157105,0.07821618239700166,0.07043654038176103,0.045603344158318515,0.0732325180038399,0.11363480681111368,0.14980332710873073
196.0831142_91.40899018,0.011503173337363774,0.01598200952773814,0.019497431319189656,0.168512507329196,0.23590173565677333,0.18358323613406047,0.050874587631258385,0.05734412023046529,0.04641145261837795,0.04340301984833906,0.040951559962795696,0.12603516640444218
203.1392444_69.85619044,0.03576596631697476,0.02959556214625961,0.039174397904132935,0.20054557986863047,0.24540763002968347,0.1686661518996485,0.05247465914550433,0.041019679439858965,0.04645995984154811,0.02564912155187751,0.03230875270618565,0.08293253914969556
204.1596333_53.36706598,0.029173449313319284,0.023696839263886695,0.028132083998220824,0.08816113929663429,0.11974296536240679,0.1096890780832593,0.07696792383597151,0.09530190852091738,0.08642312599047533,0.06660433458693248,0.11073195759373515,0.16537519415424093
206.0674531_155.2494688,0.09550236788229191,0.05347234210502183,0.052663806246488115,0.062176418951550495,0.07751366771546073,0.04721617624476019,0.19747878904385074,0.17475735576783794,0.11464623136487748,0.05008499144948906,0.056103494264268285,0.018384358964103203
221.0843545_53.4325863,0.010636985343207447,0.011420369383151361,0.014530958934666213,0.19448335576697137,0.21733655875660743,0.20958606354702733,0.05604123708698153,0.054589459701488714,0.04569946533313827,0.032592764788709226,0.07519883928075179,0.07788394207729937
229.1548527_53.12191974,0.041737675134669396,0.05929555013996948,0.07008861366861814,0.09260842158146526,0.11925203218751562,0.11046703844013446,0.05960114022966133,0.06840397468096768,0.07978969523730176,0.06603431174691109,0.1115542151865408,0.12116733176624506
237.1235356_98.7078316,0.022476798935511244,0.02291715237763473,0.02566537830816257,0.2192013305837526,0.24642173943795476,0.19693381994517808,0.05111346162511545,0.044806940430080336,0.040700938423119934,0.018881872556238976,0.03352708495713146,0.07735348242011983
240.1092399_56.47903286,0.057906913280428234,0.06195042512009922,0.07209100962901867,0.15060873497135327,0.15480821343939827,0.175073379641394,0.048925884162246795,0.04815368557174358,0.04496123877064248,0.05632709028166629,0.06404032481067654,0.06515310032133267
241.029716_53.25975575,0,0,0,0,0.431457516248583,0.28859104644707406,0,0,0,0,0,0.279951437304343
245.158845_138.0565836,0.10931757507597588,0.04294385265084779,0.10852238629804171,0.0939094075241178,0.03531111762635091,0.07860148289904231,0.00976414799048856,0.016152646119296583,0.15508078056472646,0.049965717451196996,0.15506736729170167,0.1453635185082133
245.1861472_139.6494184,0.03455214835405832,0.04032866770583751,0.05546474947610775,0.20388768467698432,0.23060527585062582,0.18944828160929703,0.04283761738163118,0.0399786833551977,0.041509098054131256,0.019722216418492172,0.03396025178254373,0.06770532533509317
245.1861622_154.8680418,0.036435942026503056,0.041603670482205805,0.06154286682609107,0.19175541034146842,0.2254532991184166,0.19358205862100392,0.04278687187671831,0.040905881324460665,0.03991964282270332,0.019229110668890135,0.036387316051752376,0.0703979298397863
248.9764101_54.08870611,0,0,0,0.16071284695535407,0.2862720380665851,0.28033030681845733,0.09745119483105873,0.048116759382951416,0.04020943335736581,0.025219434792265575,0.02679514097316277,0.03489284482279917
260.1131165_60.39523365,8.74526694381974e-4,0.001522750955887334,0.001486192982484537,0.3407006042439362,0.34115142030927564,0.30604432002854653,0.0024983184672668344,0.0010493590068747017,0.001942268872852521,4.507686243956316e-4,0.0012628424483108623,0.0010166273657871861
261.1311356_77.14754025,0.06588239765247841,0.09045963496793642,0.05557228817191351,0.074423880684384075,0.08013989865980121,0.06651418442113849,0.11572317488659847,0.10473738580341987,0.10728150162900821,0.07147637222582809,0.07137770883775232,0.0964115720597409
263.1425622_128.0221591,0,0.015103280031014311,0.01181711526809902,0.3118979791998294,0.2809905447146984,0.1998099495148678,0.027884593573754505,0.015842783659647915,0.014759532480335553,0.003149558884737939,0.026098516261366805,0.09264614641164833
268.1042143_61.13833888,0.040189718099061494,0.03953116332238744,0.07879858835688179,0.13390843080289885,0.13682475184562784,0.1301573477319117,0.06623880708821486,0.07218569659413188,0.0771720981064476,0.056549075640435924,0.06748966522235193,0.10095465718964869
268.1042443_77.65887735,0.05339504277189647,0.03972558844431989,0.052154908662890485,0.1361552627217346,0.15138599156914562,0.10153456456075231,0.08410380397409756,0.08937891510752162,0.0844093212345294,0.05347687632421389,0.052981970127141995,0.10129775450175614
269.0882034_61.14160671,0.05343699478821592,0.03578803382579474,0.12033703539234161,0.1539587349152734,0.13272646522680812,0.0920324041469849,0.053427261074275624,0.053364645236376136,0.05198186090779516,0.09938633375135429,0.058026892880446226,0.09553333785433386
271.1290685_52.41806518,0,0,0,0.2986321834938129,0.36837935858415427,0.3329884579220328,0,0,0,0,0,0
279.1705566_247.3869579,0.03921526218291292,0.0473096068146499,0.0664075572106991,0.1792762644569966,0.20283622640859555,0.18037968571330001,0.050527944902593075,0.049577431477981417,0.046819963839419,0.020162559090313684,0.03834662212598634,0.07914087577655232
283.0871634_90.09500431,0.051897213265066265,0.027808936877016088,0.04395444798662923,0.091382602678533,0.14499776032497122,0.09138198461144686,0.09413874695958012,0.13334763960499907,0.10458367932793508,0.06156485213910805,0.07241654604467314,0.08252559018004192
285.1447062_54.73665997,7.391136217397854e-4,2.4387689654024747e-4,8.357889691008458e-4,0.2561641586049052,0.34761474907005097,0.3650723199224005,0.006467043284946412,0.009260087500776582,0.007903860166574843,8.133438041431496e-4,0.002202563715239068,0.0026830944435822885
285.1447149_68.40074345,1.6919206797304684e-4,2.2657432421823413e-4,3.6169025836017973e-4,0.3158919496358493,0.3670527240461609,0.29958926264358626,0.004082874066033913,0.0046768334395174225,0.0038490639015461756,7.967176601215716e-4,9.78156053157935e-4,0.002324961903475001
285.6463754_59.87146572,0,0,0,0.25943221657642557,0.3075707323160076,0.38405498459389453,0.014665483768925338,0.008199746084609235,0.01267927447284902,5.450233017020818e-4,0.007874612330799944,0.00497792655478662
288.2031897_54.33223266,0.05069216434669592,0.07144620395877896,0.07266876450363612,0.19269710411176402,0.13373739152850944,0.15070156263901252,0.05545678424733211,0.059770451923907855,0.05872454407158354,0.029313829675699767,0.06564038956324461,0.059150809429835215
293.2112471_586.4037885,0.01148170978746202,0.022796627209464126,0.023367570306615373,0.20714800236146894,0.285366841981511,0.2876369395844737,0.031838868791031816,0.04324193914117573,0.04186904362736844,0.008037788321348887,0.01219763986018061,0.025017029027899273
293.2112546_579.4244691,0.008488173758271997,0.0215538149233445,0.02429148908933555,0.19986610917215958,0.28998577527654423,0.2976313397239224,0.03285137969866895,0.041282883060548156,0.04405915867789697,0.006573458945025798,0.010788195007317614,0.022628222666964213
294.1814449_64.92296684,0.03442036892099128,0.033735721346423345,0.0517132717050547,0.17061285913096425,0.2081508596183767,0.1934423852163113,0.051997353009494686,0.054507084126027394,0.04918488940040247,0.028983217789440442,0.04405199081787614,0.07919999891863733
295.129073_106.8791472,0.12566902295904928,0.10529565202365818,0.13503629523751404,0.09325479339948203,0.10574250515574722,0.09579663159320852,0.05883307438022852,0.06062239172886962,0.06223167173500701,0.04139719779754259,0.04186516540580768,0.07425559858388539
295.165447_143.8268234,0.036497159940604366,0.0418791927867301,0.05313379664578711,0.17905048295663684,0.20954250029109212,0.18288779316510353,0.052041046554016014,0.051605123667808075,0.048737701237758016,0.020711104925522753,0.04335665029920728,0.08055744752973391
295.1654516_154.6182176,0.037195429510073916,0.03984183910231015,0.04758389459326533,0.171283197140741,0.1859437542506378,0.15547912340972753,0.06721184902118936,0.07073609832620714,0.06112662429517315,0.028509859076339687,0.0427456193538689,0.09234271192046606
295.1654523_168.4751531,0.04029181162985775,0.043668967434397236,0.05702155196947779,0.2126442467496909,0.19624867882449729,0.17197925948731638,0.04690650365084954,0.04826492625399143,0.0407987368675133,0.02258141874475222,0.037038546255712575,0.08255535213194366
296.6058072_72.97321716,0.05778316021738922,0.06963221222973272,0.0944737323512992,0.09417609689050292,0.09906647226152264,0.11544732145667083,0.04842964738410611,0.07905020930970595,0.07824160668265877,0.049081626532925,0.10917724356618445,0.10544067111730217
297.1885022_353.7431433,0,0,0,0.2327970662356369,0.3055073872027574,0.24910770490046288,0.050109589850151334,0.05098809956667133,0.05495412844415003,0.008804336713248831,0.013857981320989109,0.03387370576593223
298.0970625_125.7416991,0.021162297675170635,0.028814492111442106,0.024089850647301375,0.17536717779136524,0.17786984637144715,0.13414131589621064,0.05821248074267713,0.07302334890479824,0.05332943794694106,0.045544926767261046,0.07549945649822082,0.13294536864716458
303.1553058_53.22809363,0,0,0,0.3064249062503653,0.31605895936954587,0.3609381073381536,0.004913873840541346,0.0030737841064626347,0.004073503827343781,0.0012500805953767574,0.001873710529982259,0.0013930741422284558
305.157303_96.28830412,0.07076102202482769,0.0676720066897259,0.06288176423066781,0.0833227822895202,0.08206955426574315,0.07206476899569435,0.12231574820537788,0.12490275137602729,0.12200219203502985,0.05615979099116402,0.060733245129898174,0.07511437376632371
306.4913056_226.3413875,0,0,0,0,0.010917152784427127,0.005814183974768193,0.04437054099371772,0.02506368339124249,0,0,0.004399220470430087,0.9094352183854143
310.1399563_78.40972773,0.019280823815036256,0.02039870493934748,0.03071190813600539,0.15557508403037812,0.1884488856416597,0.1927736497274603,0.06257572605772763,0.06625659597830083,0.055050931724327075,0.03830064369363599,0.07442128515863543,0.09620576109748576
311.1239293_83.78906365,0.10730215267023475,0.09860289742197749,0.1348981853898728,0.11099761880151633,0.11048825446418922,0.09665502716647491,0.05624210508055291,0.05699519962982844,0.05155988115726576,0.044670197455425456,0.0411974720199245,0.09039100874273744
313.1548365_298.8117687,0.033518412617210294,0.04181815846476051,0.04341337100884515,0.17285977928005614,0.20033568725025275,0.15337368782543773,0.06589401346393427,0.06596931523037891,0.057467013698271355,0.02298241781732673,0.043862908374446626,0.09850523496907948
321.2426874_559.8994389,0.007806188132730644,0.02090756846796734,0.018367119310220167,0.246067164818066,0.24895047093784115,0.3168142673633884,0.025772075797774657,0.032183247542593496,0.050387402554003834,0.007919447746418147,0.015532892539465831,0.009292154789530339
322.1876676_71.15742318,0.03722240660226662,0.044646467545661914,0.05380249889058423,0.1737739596653788,0.1703628240690393,0.1605214034764823,0.057441588412323455,0.06137206497196879,0.05801661468659461,0.03284949498541657,0.07075204541922576,0.0792386312750577
325.1760554_178.1449476,0,0,0,0.3107682375566012,0.34457453718315506,0.29964443368366306,0.01018438400086879,0,0,0,0,0.03482840757571186
329.1345876_173.5182049,0.0022252551923340642,0.0031969479390819545,0.00890162694073161,0.36030612463849593,0.33293430402182367,0.2720152667716651,0.0015844384076435078,0.005093481771907273,0.005635289214976263,0,0.003696685183415667,0.004410579917925072
329.1346514_52.83328813,0,0,0,0.33439327210894904,0.2995093276516402,0.3493757232200243,0.004381699073470376,0.006035932762600421,0.0021984421496968397,2.7760991269580197e-4,0.002640521956970162,0.001187471163952905
340.2597367_415.9966267,0.029370410187067358,0.04690076627580131,0.009628796848177763,0.013234735148296069,0.6042288151392999,0.14728300346549017,0.04433670429635693,0.029901111927104713,0.017898584109846905,0.008385653043073855,0.019679012639688995,0.02915240691979611
345.0461979_52.6613203,0.045699880930014584,0.029411013113815086,0.03845729119158494,0.14556586674629962,0.1712856693852532,0.1621962272201421,0.07007432196156177,0.07422444985932679,0.07790305834275205,0.05247810283673045,0.0760722449771271,0.0566318734353924
345.6641741_233.7066387,0.018706152372562613,0.14909364921019413,0.13485569626690716,0,0,0,0,0,0,0,0,0.6973445021503362
346.1456507_296.9029712,0,0,0.22432012959167882,0,0,0,0,0,0,0,0,0.7756798704083212
347.1452432_52.43560351,0,0,0,0.3323209148096418,0.2926347563714022,0.35476617546081973,0.004025767510791984,0.005525104176419889,0.0026027012272001097,0.0015874434394128549,0.002952239060965568,0.0035848979433458984
370.6952356_160.6882957,0.015441342873648317,0.021731813491941393,0.011269101991798983,0.013040530254918838,0.017191175500968766,0.0032110382592242534,0.1548942906592471,0.1744319049696476,0.053300483769314747,0.024022945164548434,0.14334852802006348,0.3681168450446781
375.2135903_245.869031,0,0,0,0.04738947480895857,0,0,0.05497355816436569,0.0489690058121179,0.017758420793551426,0.010869155495515492,0.07329285096482017,0.7467475339606707
377.1458995_254.3509786,0.05407426928236742,0.0600966040659529,0.07441397261877969,0.16527466082114362,0.162155274600592,0.12744695781840454,0.06543338000522073,0.08579829819336647,0.06383610777223353,0.0233225804088291,0.03822591677489593,0.07992197763821401
381.1827642_267.9783379,0,0,0,0,0,0,0,0,0,0,0,1
404.7398363_347.9405712,0,0.07557566507403737,0.034404101415215375,0,0,0,0.12958054869601668,0.16177797372049343,0.10742602487317943,0.015467044661651762,0.1656187560519286,0.3101498855074774
414.1623514_56.20471646,0.11342159372201546,0.11504630292576162,0.12653739384926432,0.06516631960681195,0.09747112985413976,0.12475325107537903,0.038432531543627524,0.06747549777066493,0.055551017529502374,0.041781250563811906,0.07795990692701141,0.07640380463200973
416.1780367_55.86490451,0.0683179667921436,0.0953660600028286,0.11999750995414432,0.11920018325096439,0.12870794744148437,0.18672073175645276,0.03737693247879191,0.04354449720886184,0.03353786265578986,0.03958749432760145,0.06655177749977009,0.06109103663116681
419.6798873_388.3156623,0.033194634941357305,0.16633847959818607,0.2580244403594768,0.031163466172426428,0.014370330915094057,0.0019786951724423,0.041383754912457334,0.06233100969847008,0.020760808514443212,0,0.04331037518688158,0.32714400452876485
424.2081388_158.5746698,0,0,0.014058270469122912,0.11936889278383536,0.1133435177425751,0.11675356213043463,0.06243755953560378,0.20948689360944087,0.04216330438677872,0.015799227609180514,0.09437901985123506,0.21220975188179309
459.2335624_226.3179393,0,0,0,0,0,0,0,0,0,0,0,1
470.2255841_333.030353,0,0,0,0.04395750155999233,0.03956793389366399,0,0.12317458131040451,0.10512552782306901,0.06961544431042886,0.02852145296149585,0.10235428076786812,0.48768327737307726
511.2407233_216.2897507,0.11513726946586544,0.271644793122157,0.247240090161952,0.014505535361515005,0.020815597785619384,0.015292509989389363,0.05394685977539745,0.063442326828083,0.025873151387956858,0.011742446980996406,0.04631325653571855,0.11404616260534953
548.2722776_294.3531677,0.3672693589412726,0.3076091514482653,0.3232029160296442,0,0,0,0,0,0,0,0.0019185735808178333,0
575.1679431_317.9329019,0,0,0,0.2893760021455475,0.3423054595221642,0.331510336734381,0.017701103804674313,0.019107097793232965,0,0,0,0
577.1656827_317.9349898,0,0,0,0.27542101563991056,0.35915308552282893,0.34735090343493524,0,0,0,0,0,0.01807499540232531
589.2805093_326.1123568,0,0.02346507677061388,0.029390135110001395,0,0,0,0.1230372273391976,0.1488995146795933,0.09584273295943539,0.05993125788715048,0.1456513092355823,0.37378274601842565
605.3174559_381.9863246,0,0,0,0.028134734214914563,0,0,0.10662467975756594,0.16324623273164782,0.08283888132126066,0.06086516931017343,0.17718441567379872,0.38110588699063896
801.3309238_372.9605017,0,0.11292859118797365,0.11012496204448942,0,0,0,0.06770796195745808,0.07789292581635933,0.02704876885442095,0,0.07623543132377734,0.5280613588155212
802.3342137_373.0096128,0.01149554227444748,0.1211527067443594,0.08722946937555193,0,0.017533096569763405,0.013129371692598878,0.032904474735772495,0,0.041949153012896166,0,0.08549598732109663,0.5891101982735136
209.092618_76.2,0.12852853397958142,0.0567043615482851,0.07531960046521348,0.135364041200728,0.10624778934973539,0.12224519473771364,0,0.06317364536510965,0.06865296106054945,0.05922515755413587,0.040216266189218135,0.14432244854972986
144.048311_60,0.09321411879107908,0.06832783848240273,0.0625784968882846,0.03138469329830082,0.013186420457656013,0.013733229360592944,0.1753638029075391,0.14600920329346162,0.13854113632397452,0.05977831390239498,0.06240457269209369,0.13547817360221986
205.097703_124.2,0.058303944605759626,0.049968352088610654,0.07349251541368203,0.12077602126799934,0.1307881956540236,0.10984208629460729,0.07096926176157041,0.08834426057966911,0.07332742057313972,0.05897270521558765,0.05483694331015884,0.1103782932351917
