mz_rt,KM1513-125m_A,KM1513-125m_B,KM1513-125m_C,KM1513-15m_A,KM1513-15m_B,KM1513-15m_C,KM1513-45m_A,KM1513-45m_B,KM1513-45m_C,KM1513-75m_A,KM1513-75m_B,KM1513-75m_C
385.129416_651,0.03027931082509356,0,0,0.2268559687851194,0.27124743639640236,0.05561333685433527,0.11763514684046417,0.10530310921089707,0.06856484463314004,0.08524518372779065,0.008626436584316645,0.030629226142440794
399.145066_780.6,0.03820040618278671,0.010220568186745976,0.021204020347220687,0.1807515335671633,0.20930469399028015,0.11459865300655965,0.08265578696228149,0.10687834206651954,0.08627245769830633,0.03826191647747855,0.04333195552780224,0.06831966598685538
90.055504_678,0.04302403976036307,0.04872968142144871,0.08127778539802032,0.09923454977422703,0.12719470533483218,0.13084510852680636,0.06917562949549183,0.09512873655597719,0.08376731289859397,0.04089284828819092,0.05924414705985454,0.1214854554861938
291.13046_821.4,0.006966675738572034,0.011987222765547673,0,0.10536330291457105,0.206218416788754,0.3021124772217306,0.032903082415292634,0.10555420246079479,0.10188043706233321,0.031182154480360404,0.02779759329874926,0.06803443485329429
133.061318_711.6,0.06094218257487483,0.05242898923495057,0.06944774262837256,0.11390438421356487,0.12976581112027133,0.10474580878431511,0.07014883522679852,0.08131868430454575,0.07830169535467171,0.05423717281748942,0.07104946861402457,0.11370922512612085
134.045334_771.6,0.02886072571293973,0.01751966648339967,0.024227482840237402,0.093203471198041,0.1094111517730286,0.07643750335245073,0.09266684521001078,0.12924764270936406,0.09993438930861492,0.07829354834900401,0.10065591987663712,0.14954165318627194
90.055504_683.4,0.03089983422795607,0.025242548686827862,0.033358834330565516,0.10882440280977466,0.1540396192614588,0.11646356046497323,0.07742893110834487,0.12759635916525586,0.12540336281312522,0.038230319061106695,0.045086339177887305,0.11742588889272387
232.154884_268.2,0.07689653235503188,0.09668447210063545,0.11470453324527986,0.08483485866150427,0.08482605587491697,0.08098186174259549,0.07808394445659138,0.07998731245434594,0.07514861323914844,0.06131660849479894,0.07098050689216936,0.09555470048298201
162.113019_612.6,0.037878812953948085,0.039618632444544076,0.060783628063749304,0.1185742242983134,0.1451107080041829,0.14263488261244794,0.07736076219192715,0.07488447563445849,0.07653010930500215,0.06112948817102711,0.07218691622742589,0.09330736009297358
176.103517_732.6,0.019139555142024013,0.016941882116365863,0.021429761151264472,0.06811582375058367,0.13104867403135406,0.10727064334810199,0.0677409074719032,0.15716098751622992,0.1221236892205562,0.042916022878453926,0.07754273783961539,0.16856931553354737
132.077302_680.4,0.02763909300877386,0.038845539418895125,0.052368783999829416,0.06845232126606682,0.1340732878750608,0.1672083300755534,0.0663467901162631,0.09938382894839556,0.08544410862648148,0.02749775686739821,0.05329337383978538,0.17944678595749686
223.075255_788.4,0.037695295271087115,0.0035589191820316513,0.02228285375270207,0.16540435036383938,0.16115911044779269,0.1605580015577865,0.06432452928755716,0.07775443427156564,0.05962385480167934,0.060633065250907676,0.0815290800705863,0.10547650574246455
112.051087_444.6,0.06541796801644012,0.055088553663191125,0.06413592050370867,0.08771258891068036,0.09945823614945709,0.1111635931377456,0.09416785663114681,0.09126867810935735,0.08659167816858565,0.054549848080761236,0.0832630219773486,0.10718205665157736
206.139234_136.2,0.10280628332949192,0.024773113233902622,0.03057201084032306,0.10598047657409594,0.10052895823276982,0.08241518778406548,0.09183414244237369,0.10716423292406992,0.09174391415381285,0.07060716544516138,0.09288975964591169,0.0986847553940216
135.047977_559.5,0.027592291358288563,0.01971383297009121,0.024884850967570687,0.11343366565704284,0.1314831918395406,0.11799788277072998,0.10737518090719486,0.10705620491610195,0.10209893958362613,0.08504389702944856,0.07439861376323374,0.08892144823713084
255.107995_606,0.023615999077982563,0.015901842638547117,0.018298626577728672,0.2760637428347848,0.2859733790767996,0.22874250876428315,0.025033175024567453,0.03153014439833742,0.04752143908199581,0.011369117761287963,0.016482434844465908,0.0194675899192196
147.076968_702,0.02823417005463818,0.0212757334467031,0.03349576481154949,0.10077911970189019,0.10347651319541912,0.08604072974872704,0.10569855842078514,0.14820236171413204,0.12802190136973082,0.05402369908449701,0.07033417655081538,0.12041727190111255
258.110652_651.6,0.013353759053626867,0.0145532553266683,0.02192710852980331,0.25822535636627164,0.2737883534117483,0.21300218227023046,0.046432548735465186,0.04210479618296313,0.05173681896216524,0.010234385970229874,0.022951331690104868,0.03169010350072273
179.074191_644.4,0.015282072659003767,0.014329597742067407,0.017801401179946826,0.1546132026919917,0.1736563887586947,0.17449412187038668,0.0852448070693838,0.08217328755282083,0.0805028259347954,0.03978421043164156,0.07076096820469334,0.09135711590457402
156.077302_687,0.06668124883653459,0.06056787772214684,0.1338686063155969,0.09481810788572724,0.1113472084898615,0.09995401627373748,0.07957239810172867,0.07897910456332807,0.07097606912165697,0.055615631036224994,0.06374365786720967,0.08387607378624702
120.066069_679.2,0.04591786523325688,0.021248048067706565,0.09948909907212772,0.1010935792106465,0.15189441239350884,0.09544760869317544,0.0775471590663907,0.10711302480445505,0.08735196105973408,0.04236447903878377,0.05813651541300737,0.11239624794720705
104.1073724_641.0484594,0.04519258077003503,0.03660875492665776,0.07535399619296707,0.1953323199896486,0.14914210350377555,0.14712576688434917,0.06594918490490359,0.04340464793328871,0.04819992554697983,0.0939274495620215,0.05095014956578509,0.04881312021958824
107.0733634_545.6709823,0.0521716433209995,0.025082113882446983,0.04853238434415263,0.09737203323160909,0.10752462289487758,0.07139841774636438,0.1146681172442131,0.12032062521438577,0.12023529618264142,0.06070404883036656,0.05581631293453025,0.12617438417341267
116.0709257_528.2851637,0.05693874001164992,0.06039351241972097,0.10925596790548661,0.13605550774640365,0.15515882641560547,0.11913290033518398,0.04620049468110473,0.07951556878394504,0.05158916885224011,0.03342082147002182,0.04229197850763459,0.11004651287100309
118.0863989_431.2936762,0.07775477906807163,0.06753147446563133,0.0750890689921068,0.09739211241452828,0.10332248013766442,0.09343797117681141,0.08782478171844599,0.09833549437011967,0.09244761632792997,0.05920292351745392,0.06563050430520052,0.08203079350603608
120.0810534_317.567317,0.05272645787828244,0.049022348607475896,0.08373315683305108,0.12030891790594189,0.1091126350674522,0.1242271099982693,0.0926809849566509,0.07853966679907898,0.05989328469283976,0.08326466283512424,0.056790551766058704,0.08970022265977462
121.0319755_496.2654472,0.01678455680854466,0.014307204933646421,0.017958722573214816,0.1012671911707125,0.12156787854125997,0.11448144207278911,0.11081676687271803,0.10551938883953817,0.10770850014011916,0.06702107642956892,0.091608746641730035,0.13095852497615826
121.0683869_642.0609838,0.017665097271796864,0.008766901724484879,0.011032040292983042,0.2260287617013345,0.257611611795527,0.2160526678191276,0.05057452726498018,0.04759657414396525,0.04905633131969083,0.04041324673139822,0.02849759900070608,0.046704640934005476
130.050048_665.9210447,0.028505913317091798,0.020836268161273014,0.03340921187444882,0.10158031683058566,0.1011983099737306,0.08546262147388352,0.106935590868688,0.14945683808495883,0.128517717357004,0.055429486489209395,0.06911470390993021,0.11955302165919618
131.0704165_606.9629787,0.013481447985992405,0.013126986118586974,0.013231597280079907,0.10640350345826284,0.15556140419950726,0.14368582915061368,0.11283831251697095,0.1070093987542566,0.10616294833648475,0.04871769462588505,0.09379139753841537,0.08598948003494426
132.102017_391.7549062,0.03370940631363555,0.028507908156260652,0.02214086383840343,0.16359943811304514,0.18412084299130121,0.1734148332718451,0.08070594900974191,0.08456736945759766,0.0729715434433928,0.04601370181096583,0.05287070126552658,0.05737744232828418
132.101973_558.184633,0.039981793657140045,0.031542608091125295,0.04924680792050045,0.15479260087262625,0.1773331713925186,0.1657021489477502,0.07107832792385066,0.07055139940253491,0.06990287568585798,0.04171090527979041,0.05391449866080018,0.07424286216550513
134.0812695_610.8642431,0.03883497248953895,0.01996037194979106,0.023005885955626425,0.22750115724060735,0.17701886016200308,0.13305884573210025,0.06041112274643463,0.06452279690764867,0.06162623018131037,0.0832736664100249,0.05023268114820316,0.06055340907671116
136.0507939_425.480355,0.08588592148976394,0.06607715337536793,0.06056806601480306,0.08913245481313627,0.07732931243959013,0.0731118190725762,0.11805780433876112,0.10162869627219212,0.11242485360443133,0.07610467137378622,0.07357813259593105,0.06610111460966056
137.0458775_372.2149785,0.06500476076497158,0.0546775087716368,0.053316646801573726,0.14356771937743415,0.10815767524804455,0.12687675578481727,0.09748832274738436,0.08711143519333893,0.08758158559292042,0.04516099263797603,0.05732398138889973,0.07373261569100238
137.0458872_449.4238978,0.0568042139466671,0.04346612768363264,0.1453628822828757,0.11874701554466421,0.10979041335070809,0.09056822790648165,0.08103843277820215,0.0704028336111283,0.06784621574148249,0.07125609616010202,0.04987460628213271,0.09484293471192297
138.0548868_321.127119,0.06464387808655626,0.06278433496509042,0.09901955332834297,0.12499588538467812,0.12424841672995952,0.09759306884967264,0.06037858640059706,0.07428198807855002,0.06753744962663508,0.06586576723448624,0.057831584195286036,0.10081948712014567
138.054973_462.9418971,0.06684893642540092,0.06671609309472379,0.14228074512344946,0.07371662670188073,0.0787302358417724,0.08020359443635884,0.09349813594203205,0.09218310360886867,0.06142271028024547,0.10003427589511278,0.05736567368987492,0.08699986896028004
141.0658822_432.0951942,0.09865267887434143,0.09452411225475013,0.1462444002508998,0.054892221522440394,0.05611506011266667,0.047699862438268556,0.06819314468853475,0.08027312275165248,0.07678284048806608,0.08152112247594882,0.07999371740733788,0.11510771673509305
143.0815933_478.4273219,0.10894296684750839,0.0792041627616316,0.10995777179008415,0.0772580138509365,0.08809988776981544,0.05992864730300279,0.07895846070733577,0.0888495876100979,0.07599292268160422,0.07281280018213797,0.07243064808023751,0.08756413041560779
144.1019499_386.2657313,0.027185279120963527,0.021111352153369286,0.020101432127057634,0.1873963709918676,0.1951026899605701,0.18056720141158933,0.07391402218803927,0.0788691071441155,0.06947386808384573,0.042888296006580284,0.04512638745945717,0.058263993352544514
145.0608101_610.8323968,0.07992227291367883,0.06005718339035277,0.08988558849330203,0.11921781917029482,0.11230675519260913,0.09304176370670475,0.06163033164746188,0.11288096169494068,0.05353164294189243,0.11378062311355776,0.033275899585251574,0.07046915814995329
148.0604571_727.2183115,0.04030266174867196,0.03108713519158753,0.038161754896855055,0.10523971117984193,0.1439923132978912,0.12063919554252889,0.06739706978161925,0.10512356749059082,0.09053847749984656,0.047749401647597625,0.07674215753971743,0.1330265541832518
148.0968289_492.3090337,0.046727037738220206,0.04266888747685233,0.05869153100293914,0.1028263928664084,0.11408370479324778,0.10906142556211929,0.11088688282741535,0.10536927100533283,0.07335774291873164,0.08470646056065541,0.06500954138206301,0.08661112186601468
149.0631499_608.7510481,0.010558859960964673,0.0013932571397990245,0.002872677724052102,0.21879085322484068,0.1458846797908986,0.12073152786701587,0.07077566619077523,0.05596199293227547,0.052774542981175204,0.19408371370950128,0.07294949090023861,0.05322273757846325
150.0774891_376.277913,0.03343666986123765,0.03283322172575322,0.03304130748276056,0.13518349583192374,0.12368671228752907,0.1503980530857925,0.10705503869904286,0.10826472491692998,0.09458109538372071,0.040080305614244215,0.06744146652592391,0.07399790858514162
151.1441453_396.8044087,0.10202274375388082,0.10087308642621273,0.20156167314263843,0.07884006152941005,0.0880709966402563,0.06242201451880974,0.052653376479750054,0.05593702355574615,0.05232298073538535,0.060110996850160116,0.05538963710971898,0.08979540925803123
152.0567315_442.0560373,0.07828479209588636,0.045375813490168754,0.05876238827137703,0.13321984252127253,0.12236071892825712,0.10022556663306971,0.11504397185733692,0.09068980873945602,0.07526668967352855,0.05274628641217687,0.041371979838133406,0.08665214153933667
152.0567341_487.3730565,0.0665808254878618,0.08926341891552537,0.09219187429200383,0.05900658489444584,0.0622304862643787,0.08583647198051113,0.09381563957493413,0.09412946372264254,0.0988275554784764,0.04556377551257768,0.10003505170002056,0.11251885217662203
152.0706519_544.8104584,0.05086054311028792,0.04604935935383824,0.08404524952439041,0.10704512395870248,0.12476758941002912,0.11657715639018783,0.08054133076592632,0.07690959682037357,0.07530060608869742,0.056458880649016274,0.07444401632006549,0.107000547608485
154.0532475_313.6787607,0.06590481869619441,0.06285164375011239,0.09174536270662609,0.10592116110425552,0.11570457236572043,0.10197797692108843,0.06864608067740716,0.08193909572887868,0.06802872513283734,0.0523156196677673,0.06829730671963329,0.11666763652947909
154.0723038_538.1946704,0.01751933102802421,0.0284558759099166,0.04005453188885992,0.18341369021022924,0.20103212238916554,0.1538625361806072,0.06340009542637541,0.07567323307412169,0.058210740626931046,0.02909801755017139,0.04069767014452033,0.10858215557107748
155.0815301_365.9148993,0.13619246349320643,0.10954299968245658,0.14464054298155046,0.046641783686278096,0.05147669327524283,0.03961363939757575,0.06545566679544441,0.04618810278767933,0.06667016760460577,0.08948052838437953,0.08960702279563108,0.11449038911594972
155.0814682_523.2312039,0.13247789077217187,0.10655527607452693,0.14069555365149333,0.04536965531075983,0.05007269546431537,0.0385331996983961,0.06367040035647135,0.07220278497719594,0.0648517763402226,0.08703999737939515,0.08716304172683739,0.11136772824821418
157.0972657_439.6191021,0.10199558240333575,0.10108887229421137,0.12341334720283173,0.0542758652258821,0.06146369205817996,0.05726376568270134,0.075550323059106,0.07636854704365913,0.06736602421421706,0.0688744572526548,0.09399362365380605,0.11834589990941471
158.0813005_468.4200854,0.037862771314732376,0.023736491630954225,0.05007952684875986,0.1015344011279984,0.11538345133688217,0.10658408495502668,0.12034585415959416,0.12596699703813094,0.13071974554261903,0.04919954182993406,0.05807763519852314,0.08050949901684502
158.117615_328.6930953,0.04626063855160378,0.043618871329372144,0.05686937737460575,0.1541081699041398,0.16400547611998423,0.16232614203841483,0.05204002518989132,0.06278647078680746,0.05520754949512585,0.043383681931865675,0.05985128193030668,0.0995423153478824
160.0369543_320.1758161,0.05338618373032255,0.060272705121591434,0.09056124731240679,0.12731234249885684,0.11361240389581416,0.09801578550998338,0.068923682659164,0.0844299175534737,0.08129961727582996,0.07693164651524999,0.0617122284110502,0.0835422395162569
160.0969008_409.2745036,0.026617101885981098,0.02625690975552774,0.01966340646413578,0.11425611464959065,0.1855577621731211,0.14148579321787091,0.064613200407699,0.10048421046288583,0.12144517603500508,0.03305993137853366,0.056920832661938855,0.10963956090771027
160.0969025_453.7895163,0.05124940134914371,0.061388200987027144,0.07599153235009015,0.13163712327041585,0.13541928485526425,0.15447505826995503,0.04837219835547974,0.05923664500215025,0.05149383660825313,0.05538292144902348,0.07467437229981418,0.1006794252033831
160.096881_502.2138686,0.04958420481384636,0.04657778872256961,0.0701757948653126,0.12959718818149135,0.1344016499888244,0.13993468857210353,0.07294790430574559,0.068788076910343,0.07248952539593019,0.04940595377439668,0.07814981653141312,0.08794740793802355
161.0631374_555.1330923,0.0344287899874853,0.028624076383476436,0.04233356668059439,0.0951849926965091,0.11279320746970407,0.09655179083919053,0.08890765848266471,0.10510018596692917,0.09461409429209207,0.07029216580935058,0.10088885736976246,0.13028061402224128
162.1125331_409.6885263,0.034047333057775984,0.03174859512178197,0.03644041231190118,0.12156964841363138,0.13638416128223083,0.12948397361240097,0.08814084116942833,0.09791795860944477,0.08579362575366509,0.05808511716629655,0.09072631674936173,0.0896620167520812
162.1124785_486.3543587,0.00850675424982684,0.00695068024645242,0.009778824122763489,0.271415297521058,0.2746462351577055,0.2710664616299909,0.037929385803926116,0.033863995822332064,0.02543001078334665,0.022550574527309627,0.01678719176349028,0.021074588371798094
165.0581105_499.7950538,0.009956955810531512,0.009388419498338383,0.014944775003338863,0.1900334399434351,0.2337590112231892,0.22192414191928242,0.0553064614309132,0.05318470724586962,0.051606265876696304,0.03567654607530185,0.05155810325291206,0.07266117272019147
170.0683824_1014.332912,0.011135516082951422,0.005766311851990082,0.01061630161621912,0.1604482811239889,0.19347033505965489,0.18801190612761318,0.08913837802384322,0.08228545605931223,0.0743755565060498,0.029800438163805357,0.057705530561209126,0.09724598882336265
170.1175901_484.2665713,0.07235627564029877,0.06348279060530604,0.08284077573640593,0.10155352922989908,0.11231653441058567,0.10297708438109188,0.06813861157943749,0.090292180326664,0.07758296542544023,0.06101707910817756,0.07214147332891346,0.09530070022777994
173.0921477_499.7070247,0.0716138938767126,0.07215236394018622,0.09774603880479192,0.12999259085509307,0.16429337344057388,0.157300586416869,0.04819052190975768,0.04351153974684816,0.045241343407268264,0.04340175555288146,0.0580309846960465,0.06852500735297128
174.0220161_326.9314099,0.029242079832758745,0.02891429592898791,0.0695932925412052,0.19775918273719062,0.2153769437902176,0.19986093716638684,0.04878350999955481,0.05117062364695033,0.04666996832617336,0.021719515313202504,0.03368311204682244,0.05722653867054967
174.1125798_413.3930675,0.06010051778181553,0.051470211784447155,0.04464872412995686,0.09070842287983295,0.10855985431859466,0.09965383042280684,0.07834977194539405,0.10221054573979843,0.09146785500937107,0.07826513465599616,0.09060829308752733,0.10395683824445898
174.1125976_483.4504888,0.06300131388702432,0.05884634781819031,0.09156567487813536,0.09653922150488933,0.10564871215583277,0.10669669334604849,0.12787873705538516,0.07723658512508576,0.06203098414781283,0.044597611579320746,0.06409792380319457,0.10186019469908038
175.1190291_1069.967292,0.06308007530857028,0.06720863025496297,0.24915120317199843,0.09099465753025239,0.08672111634799658,0.06853349788133731,0.053752561500449145,0.06157366621684998,0.05602694117015912,0.0648379520605896,0.05446225412138703,0.08365744443544715
176.0917904_646.095874,0.022089954443421895,0.02270203923427578,0.022246603369453333,0.0963625255929575,0.1595218088690937,0.13891845624972346,0.15355436545673729,0.15568478444664655,0.14610155217352994,0.017794676642716785,0.026892857051477353,0.03813037646996636
176.0917942_446.0219702,0.08431273559958735,0.05338382605029607,0.06630261531186188,0.10841260430326922,0.11487175086811306,0.06083569392603794,0.049294923696532926,0.10238892717754716,0.08341162648719908,0.09355443723968941,0.07945999128648262,0.10377086805338329
176.1281461_619.9794573,0.03198084333109986,0.022231363001940493,0.019693053606693905,0.210235199921692,0.21330336004688202,0.18254875061275166,0.06628557018000941,0.05395560864985886,0.05098755798650629,0.04429136293473982,0.050296762458142526,0.05419056726968316
176.1281837_470.9343098,0.057056188439338046,0.05143661908455778,0.06279350419827322,0.13157900940114575,0.15512123989102533,0.14244240235379663,0.06142957676384177,0.07376164531718216,0.06344167347730605,0.05654832172913633,0.06431640084522611,0.08007341849917092
177.0580884_550.1598993,0.010764113143662943,0.009890740285542637,0.012334267179539591,0.06415055144545428,0.07175664531265785,0.07148070293518032,0.09619988682322018,0.11018807894746963,0.10935858212365182,0.07880100935899026,0.15153122826890153,0.21354419417572898
177.0581547_478.5777459,0.011777523805141856,0.014840476000759027,0.027603901049567052,0.04469748711312432,0.050507584862879075,0.06676724227085062,0.08674403505310704,0.09162739118972275,0.07708843306071136,0.07349336029814736,0.1805718730941519,0.2742806922018376
179.0048127_421.0281658,0.13155366871661778,0.12236157979746774,0.13355584623480016,0.047397347250433285,0.05176319235062798,0.043489913293209226,0.06865651611155542,0.08730884210340385,0.07273500118376812,0.07417896063978534,0.07198323930823029,0.09501589301010088
179.0240382_395.6276755,0.09454993771493803,0.0906883479925242,0.10941985614576286,0.08462591669237016,0.08745842814866174,0.07277468882855115,0.08049497868983323,0.07658078163382478,0.07222087420780396,0.08001657218770632,0.06753069920314335,0.08363891855488019
180.1019072_503.0638448,0.05162349910426476,0.047570319575744716,0.06361530091336365,0.10520859631063262,0.11452472051508596,0.10527873119622165,0.09121094750636743,0.09126199007497666,0.09125954863139514,0.05808061075580632,0.08066474862437258,0.09970098679176849
185.0921561_481.029261,0.13364421360607762,0.10641507508194264,0.12540702613065396,0.043592145436784364,0.05157534394376124,0.036429954228182924,0.06324834701811746,0.07710123266986958,0.06969802175814081,0.07766549055685579,0.09265334495238274,0.12256980461723085
188.0706756_452.1935026,0.05427914596008512,0.03832915592674654,0.059874177219386926,0.11604164777658695,0.10569621859674411,0.08873605146552686,0.1172480905521145,0.12090638431475965,0.06837990628104376,0.09816186075896455,0.043360915571242616,0.08898644557679848
193.0530528_652.4857642,0.010151205144255373,0.008397031650283696,0.010385673574188346,0.15790110335869623,0.20696758591733735,0.1251213692699465,0.07592622034902412,0.11168887517108207,0.09329783148019567,0.026679005289454865,0.06866851336923167,0.10481558542630418
193.0893909_607.0300163,0.014002677702392052,0.014007147589534906,0.014434315337801028,0.10697971583990988,0.1553532074825109,0.1453634005368493,0.11012085611857368,0.10896138658296763,0.10581083165051879,0.04750619103049476,0.09301615134982458,0.08444411877862242
195.0764959_604.8117975,0.013037962229622337,0.016289630104692664,0.014603057655126438,0.1632399517986052,0.1488062601344794,0.20693750716366346,0.10019772396482651,0.0667751993906764,0.06798957910033916,0.06586115700076231,0.08364285696024314,0.05261911449696295
196.0830337_301.6962453,0.015796243929854046,0.025739208438755136,0.03381908406199916,0.11606009144949976,0.15695343946309362,0.16839253116134328,0.09897578781520923,0.09882711310026848,0.04983025880386519,0.06232908701626171,0.04479379405496849,0.1284833607048819
204.1231804_433.4715791,0.08025740206513735,0.07471710302280078,0.08726588226991172,0.1160528501545079,0.12269403930716694,0.10729308554098778,0.06216772420270995,0.06894516809460806,0.06204383252099565,0.07006752218163995,0.06343814799445495,0.08505724264507905
204.1233135_219.1968876,0.0015034301163411176,0.024729994435744296,0.016140957068832965,0.16467640768978706,0.23950692493487966,0.20338956993079563,0.035066751889558226,0.11216566410255717,0.05004328258148068,0.011190961413230855,0.024820245189410946,0.11676581064738141
206.0350891_395.3834774,0.08860425889564594,0.09394660545769966,0.1108254920789851,0.08267457547011332,0.08614186313426896,0.07728755204537067,0.07871340498336733,0.07740773388060654,0.07296397923649492,0.07354277155301471,0.07127652837214549,0.08661523489228733
206.1388583_405.7885618,0.027692996380986597,0.024826020307187956,0.02471676149835742,0.1393231035771813,0.16952931306597355,0.15930904822657133,0.05938058566109966,0.07493713954309077,0.06399666431508776,0.05593862328105403,0.08270955506447271,0.11764018907893684
207.0686307_532.6265153,0.007236291322548692,0.003111014413922761,0.005138156545000772,0.21326649977278128,0.24936269655718601,0.2009841239281292,0.05444962511133597,0.05713416934362835,0.049529355362904176,0.04335063973596375,0.06860261063224109,0.04783481727435801
207.1704487_393.7229648,0.04424550084474528,0.034695140410869275,0.042726627770020335,0.16829863567511746,0.2107576940177326,0.1667470653668059,0.0592810811566753,0.06571391620977868,0.05435314073651278,0.0345396980492015,0.04677199015247539,0.07186950961006548
209.0478401_664.2395782,0.019530972497750942,0.008937217460406315,0.01247065208622655,0.126476404049889,0.13552187978781605,0.0948826904943458,0.11552363247823479,0.12100189332800927,0.10949948543859374,0.06831231697041237,0.08216601769854223,0.10567683770977296
209.0842635_430.7906915,0.011608663654584562,0.011120206940761752,0.010385755703570441,0.21721974828803628,0.2828278381805323,0.27466176597582237,0.025964807261582144,0.0267731310566165,0.02663396014462978,0.022075384705189424,0.032945900224820544,0.057782837863853895
209.0843609_484.3683671,0.02566555539632944,0.02103839081987481,0.029555759975507256,0.08562394356062913,0.10146957515050056,0.08273065738446539,0.10259661314181234,0.12731922872681034,0.111922584585476,0.07556946648051373,0.10649014926078056,0.13001807551730046
211.0564697_727.2634504,0.03452225993953603,0.07483228181671747,0.08140427094757743,0.062402304378081294,0.0687713770614928,0.17011358116052147,0.053876771796056246,0.06546515728471007,0.060064026880312996,0.04113686984293572,0.1071931045226254,0.180217994369433
219.1703313_390.4889715,0.030017603720308525,0.02541808146020283,0.030105231889823017,0.18555932695738034,0.2268879925971243,0.18270264912482728,0.05351229592823341,0.06030820432831059,0.05342661660535242,0.038482412192086854,0.042325946910502565,0.07125363828584792
221.084251_315.8491613,0.009457669133413924,0.014042921180497738,0.016812019516197468,0.10268078498910489,0.11620552007009842,0.16294811906867585,0.12179351521967066,0.10757839500900425,0.0835918099231638,0.02157708458497908,0.08603021888252547,0.1572819424226684
221.0842734_335.0619025,0.009465892904842206,0.014055131987658015,0.01697772629613589,0.10277006949397764,0.1163065648013404,0.1630898081113973,0.12087879606765699,0.10767193815570306,0.08366449590195912,0.02159584660860377,0.08610502514250719,0.15741870452821835
221.0842781_487.3496254,0.018410103789718187,0.012984855645612452,0.015384368378575855,0.17263889306765762,0.21277281317942753,0.19077090685135253,0.0740738832450663,0.042183001732574124,0.07287197191485649,0.04027006130538459,0.06392151153075716,0.08371762935901722
227.1754177_131.8983339,0.03621382726648525,0.03582968642518336,0.03470614295125653,0.016637793200467772,0.7111190640953642,0.02550931017590554,0.029189350484085313,0.031111371055492963,0.027596229403475607,0.013024884025880416,0.015705684729000143,0.023356656187402954
228.097854_380.1458074,0.04224341428314965,0.044903636009890974,0.05931080289330551,0.08885576963357536,0.0908848246844409,0.10877349426220301,0.11749593608717833,0.10768666198610267,0.07462161277534338,0.0887753831768344,0.07335895432705843,0.10308950988091733
232.1180483_369.8111362,0,0,0,0.27807559892356865,0.34939403831516447,0.3725303627612669,0,0,0,0,0,0
235.1652918_430.9363628,0.08507063369534684,0.031248751319084316,0.06530358310986188,0.17883664424760012,0.18667420544505894,0.08944079412704145,0.06858556085860162,0.08889383142971541,0.06861103171639187,0.03183034156484048,0.03299796102170447,0.07250666146475254
236.1492202_594.3484069,0.007831297453229793,0.008624788904270311,0.009677575344188956,0.23850595358716023,0.2690776021593939,0.26829874147626126,0.03870811727121936,0.036644093582407035,0.05285048678188697,0.020257332625757022,0.025578388828450194,0.023945621985774938
236.1492911_493.8084391,0.02281279367627594,0.01679747495105457,0.02289899479200319,0.20501149747760233,0.22559466011351337,0.18261685483433626,0.0707406564759624,0.06393339898336584,0.07196375091042426,0.029775145622335537,0.038158082915610576,0.04969668924751564
238.0523797_700.1635008,0.022748367470728996,0.17124391497417,0.3200024129955632,0.012165074790873897,0.021277327457013228,0.09406191568559993,0.028100942405449712,0.042883523064576205,0.03962431958962502,0.02131482126257936,0.07252203980117644,0.154055340502644
244.0929068_473.30573,0.03485465506677513,0.027191911762261975,0.03851747693839809,0.15326620788195913,0.1489577240211963,0.14133136884590985,0.06938132525955977,0.11946416823263846,0.07818457541555544,0.039191083718031074,0.044166375957494744,0.10549312690021993
252.0830154_726.8016033,0.03120469351472901,0.07988284218095086,0.0866943036912328,0.05870471389382129,0.07018153535800205,0.17177984428263476,0.05097035808845504,0.06312968735591594,0.06135925528078514,0.03722559449743669,0.10843564580324055,0.1804315260527958
252.1091636_207.5733001,0.02827074176780138,0.026764304506153174,0.03399944031331279,0.13765726968695352,0.1388917814188439,0.13372682437940892,0.11027189301830705,0.13181634480001392,0.07227450036557159,0.046664831033388754,0.05128832978108304,0.08837373892916198
252.1441108_631.9092477,0.01369931069292461,0.011224526605690371,0.014713641774238237,0.2219202469736502,0.23429989362409823,0.2120964152712173,0.06645231968692396,0.07293204605484534,0.055191035474308585,0.01699456817798067,0.027585683868054475,0.05289031179606805
271.1288395_581.9728044,0,0,0,0.26989578205990794,0.33111274713643096,0.39899147080366115,0,0,0,0,0,0
284.0990577_533.6457598,0.028647365326892563,0.02467127341969008,0.042322747761090844,0.13465062576899756,0.137873617573106,0.1337275245985725,0.10466289766036124,0.10326588360726251,0.08000791126770154,0.07537644839526839,0.05206656012197251,0.08272714449908423
285.1445459_394.4216053,2.9949906233424215e-4,2.5651801725367143e-4,2.476604655883112e-4,0.3028952086188158,0.35304805797774863,0.3148759027719921,0.008501288987540363,0.007900891660668999,0.006287461649328289,0.0010758078462496082,0.001414626389505485,0.0031970765529744033
285.1445208_490.5048674,3.808401825895829e-4,3.1712902206686253e-4,0.0011650408192597037,0.3228852742028407,0.34606157116726166,0.32517904902742084,7.837942321453838e-4,6.826385690181766e-4,0.0010514983377610306,1.584000663504531e-4,6.958848880685467e-4,6.388794852170784e-4
288.1917714_430.7737312,0.07974797782054348,0.04129710139967005,0.06092904926324165,0.11332549366809443,0.13277987515525333,0.0819964818805128,0.09373180835918155,0.12046367168164372,0.11066243043729554,0.05461462160658259,0.04981298936345531,0.060638499364525526
289.1392912_616.5382127,0.0012703740981711612,3.3336464086416745e-4,4.783624819728824e-4,0.48096083102571024,0.28995004485477816,0.20468044623542123,0.008665877808159295,0.004143896287539432,0.005010929724125285,0.001889306324503586,0.0013988882420115647,0.0012176782767429702
291.0697956_449.9065008,0.05000059613210828,0.015566896638976712,0.08879371912964597,0.14527980179813688,0.10471561189347,0.056017307037849455,0.09958499573543349,0.14390635664952534,0.09299347476012777,0.12051455261073249,0.03382266562717005,0.048804021986823515
292.0629066_727.3293767,0.017791744993029247,0.12049001272167728,0.12298206149588213,0.024165159034787612,0.035698469185936416,0.18871673355865198,0.03665643020015338,0.047016009598881414,0.04936021646315521,0.025192574559457767,0.12120857279915376,0.2107220153892339
297.0846129_320.7671139,0.04038698710772695,0.03733512246861833,0.11150713957469342,0.21485867575546683,0.17186970633817708,0.10006418974929082,0.033501770038863586,0.05267202251708473,0.04292625392329715,0.058974593147521785,0.03612534810191679,0.09977819127734248
303.1550828_550.3408699,0,0.01508704128328902,0,0.2911867120846656,0.36294530248340245,0.330780944148643,0,0,0,0,0,0
308.1604906_320.9923124,0.05393371459962118,0.0642947200171234,0.11274582903254267,0.13272478432827758,0.11970195031581544,0.10118279869683104,0.0557477554262044,0.07208293101462787,0.06432737508183914,0.06104364770423155,0.05956976405157913,0.10264472973130652
326.0563139_395.0956677,0.08375321269357602,0.08856633173776679,0.08035511322573724,0.07149766243991505,0.09402281301893009,0.08861222540814255,0.08411271058558843,0.09530190402886092,0.08934053127354964,0.06421130675600878,0.07435716313628979,0.08586902569563465
329.1741561_430.3804999,0.05196328217173203,0.08429630116468204,0.11592764677359463,0.08570694064387757,0.08865663201975403,0.10940027841610948,0.05143383046680616,0.08076495664790816,0.07869412450453507,0.04835384440801428,0.09171064468735006,0.11309151809563645
333.1293282_676.9274704,5.593547789640466e-4,2.6052883260693484e-4,5.105462123536949e-4,0.3339747264725934,0.3615224398220399,0.2739931801953381,0.006146281458469908,0.007973837399902935,0.007371044687548965,0.0015786537281768222,0.0024303141456556944,0.003679092266349648
416.1777508_546.4650766,0.06794174941804657,0.06541502770715647,0.08886772340283487,0.13210147928681717,0.14974338287219166,0.13680041577964858,0.05141061784840041,0.061002253839682524,0.051395685446248146,0.04389477436491281,0.05445153068323013,0.09697535935083072
455.1888225_380.5471089,0.012175675887267007,0,0,0.25688244628279566,0.22783956307537992,0.11620292255657035,0.0331150334984026,0.013636764208954388,0.023001612263590484,0.10720929327971801,0.11508722785373662,0.09484946109358496
479.1922676_261.2286766,0.026702848238177614,0.03082116401924368,0.07075513856749346,0.12884328845668677,0.13176181164703304,0.11641388035286677,0.09586099559728586,0.09465646273188016,0.05930520143232292,0.05410340663768359,0.05448376818651064,0.1362920341328154
84.04502893_727.2183115,0.041418497367907287,0.031112771879242433,0.03749116633060377,0.10799121349396174,0.14494872516296375,0.12196677727487824,0.07010870834170983,0.10503728344459233,0.08658721545607967,0.04824893458269806,0.0758251380292652,0.12926356863609764
87.04464517_608.4668507,0.017406075129697357,0.007708237707413102,0.00966468808910263,0.24704122966580205,0.22015801011751504,0.09901972692778346,0.07022919749932194,0.07126139752650708,0.06170645977152466,0.09004929462566938,0.05262662586078014,0.0531290570788832
93.05775397_321.4714766,0.06458307778688499,0.06159951882579634,0.09727819460547303,0.12793458709479635,0.1344908696627052,0.09539256749724492,0.06469340429107336,0.07207776627931453,0.06482613218246493,0.061945631046898014,0.053964742994130246,0.10121350773321806
96.04490153_320.9561097,0.06294117725271356,0.060522899496563844,0.0904912174536696,0.12031582965259413,0.15627913278516523,0.09861035416213403,0.059314031971839896,0.06907291358659655,0.06700605797480845,0.06321690629647635,0.05763223531791887,0.09459724404951943
147.113353_1050,0.048866927727685236,0.05232285458189086,0.06488438866304891,0.11951054065598292,0.11868549262675812,0.11247390177496952,0.07527168346694145,0.08905798694488716,0.08302806184502395,0.04879449655005617,0.08123866465364811,0.10586500050910763
166.053791_583.8,0.06839824514052546,0.027268351481017708,0.042242345415245235,0.1316773141183683,0.13144557258603945,0.09129145914132672,0.07192301895868906,0.12199870471760355,0.11926003583934419,0.12574179922504727,0.02617880961588991,0.042574343760903126
150.058876_477.6,0.031776009863000644,0.00744810144098925,0.08596784598550283,0.1227330345772972,0.1770226913047572,0.1315603041460208,0.07643523915463105,0.09959143298835423,0.04990973466369532,0.08932041142641471,0.04052855217830108,0.08770664227103565
189.123918_582.6,0.0015441480143730247,0.0012957257396058663,0.0017115172100419067,0.27538108136053696,0.3297956972954746,0.3200487957513405,0.013557888934663599,0.018852814971515856,0.01262922645613866,0.005178637500106939,0.006695054840471471,0.013309411925730529
133.097703_1007.4,0.051385752983857884,0.010953421490319882,0.03663165210984224,0.1746644710195053,0.17789295712320463,0.06475155153241079,0.08807045563108913,0.1513639215983075,0.08359056108052622,0.07359102085034105,0.04998882056686015,0.03711541401373527
218.139234_337.8,0.08191312241372996,0.08660839930340197,0.12733364116379564,0.08892414996975168,0.0757353698853723,0.06668777875460065,0.07573794178460422,0.07663131115850252,0.07465541999192599,0.07996585038982922,0.08183589591196054,0.08397111927252535
90.055504_636,0.04633521551903182,0.04839990849196356,0.0572439666978162,0.14275431604062555,0.11289154343857692,0.09751727642771227,0.05837237498800577,0.059621966510333926,0.03330862262313775,0.16463467436702267,0.09589693745475628,0.0830231974410173
106.050419_711.6,0.047987386300644606,0.03317076888573455,0.0653641846060782,0.11597298808367194,0.1295510160185519,0.10370260533338743,0.06521078379880026,0.10669504779448377,0.08202989894572017,0.054030912547874815,0.0760572648336979,0.1202271428513545
120.066069_655.2,0.0659736762601624,0.03298463427587626,0.037961208036312845,0.1711094473984181,0.173921430539503,0.08754389635344569,0.07527311604497783,0.09264375621410481,0.08068243837623815,0.06645460148407242,0.04788662039196854,0.06756517462492
182.081719_585.6,0.045985489362293,0.0421120513061166,0.0722250714178244,0.120185657945855,0.12923120234401922,0.10936861828303747,0.07747574064000833,0.07981759907362435,0.0805948020935863,0.0648556853622825,0.06797962604764349,0.11016845612370925
124.039854_160.8,0.026370466919516614,0.022376420712156786,0.02800952642230105,0.19223543833245313,0.1847174438613771,0.17154171333629564,0.06824093554942835,0.0713504883808532,0.06053650115825184,0.04067491666686384,0.047648181798717104,0.08629796686178537
