mz_rt,S7E41D100_1,S7E41D120_1,S7E41D140_1,S7E41D160_1,S7E41D180_1,S7E41D250_1,S7E41D30_1,S7E41D40_1,S7E41D60_1,S7E41D80_1
136.06232_283.2,0.026567610668466766,0.03693517602836487,0.035272546130173145,0.02992743349069293,0.01968784714073118,0.01475907871230348,0.3633966672962799,0.2843777428650193,0.154721348327136,0.03435454934083237
268.10458_267.6,0.010479111102918303,0.013531358007167671,0.010274668787176314,0.012607706762770662,0.015605426342276709,0.012147118068362472,0.44696814791683426,0.2983600140769957,0.15914924541300812,0.020877203522489764
385.129416_651,0.004482031639763748,0,0,0,0,0,0.5196753410474704,0.4758426273127659,0,0
399.145066_780.6,0.01257398981655871,0,0,0,0.01664231851451927,2.9576319154400916e-4,0.6882488781652905,0.2799163170910465,0.0019984876007230526,3.242456203179612e-4
90.055504_678,0.017195325360266044,0.023169637008740678,0.013913567326334612,0.022531927278967537,0.02220115837063925,0.008142366961556695,0.46906788953536405,0.289037074161335,0.09726164123429201,0.03747941276250417
291.13046_821.4,0,0,0,0,0,0,0.6796317092728068,0.3203682907271932,0,0
133.061318_711.6,0.02272827714266757,0.028167843873797633,0.001972873348668352,0.00846736550215578,0.02800209998627019,0.00292133790332593,0.41559919213354174,0.3853817291582013,0.08686453023907263,0.019894750712298893
134.045334_771.6,0.025923117838382328,0.03212568453843592,0.013708207308596522,0.010195162941983107,0.026481424043185875,0.009399949730245891,0.38787020840146264,0.41187985725468335,0.055381958049911716,0.027034429893112666
148.060984_714,0.15057976398470457,0.12706570804342357,0.1260079924290181,0.10548584638622786,0.15188504234777644,0.1187716272173348,0.09213831239877328,0.06771918992211783,0.023670819658348084,0.03667569761227549
90.055504_683.4,0.009591269346645715,0.1849328892161056,0.022222851769900513,0.027683298192553274,0.019461106325538154,0.016738760021018956,0.36469493002331704,0.2590805908625284,0.06447107083414129,0.03112323340825104
232.154884_268.2,0,0.04756883472702639,0,0,0,0,0.5748041546850086,0.3059905476081368,0.07163646297982824,0
162.113019_612.6,0.01675724786920812,0.08240132060295982,0.015791938417430082,0.014754921344192764,0.01766537950499112,0.010069638406505294,0.39343253424221525,0.28602500651326573,0.1349710783300078,0.028130934769223986
176.103517_732.6,0.07059956208923823,0.019419149941975862,0.013322014939050827,0.015427191002578174,0.03808876217953555,0.02264289893661807,0.5952525028903841,0.15312016457092142,0.03542180443792949,0.03670594901176813
132.077302_680.4,0.005714582789322334,0.011026294920313016,0.015517984471537797,0.009174552454416784,0.0048297977975797785,0.004351859647801679,0.6206214839420996,0.07889675191777432,0.1569870169814083,0.09287967507774632
223.075255_788.4,0.012890250429550852,0.005394767023123201,0,0.005995904656824397,0.012715368646594921,0.002773018311489832,0.5688741934502811,0.3040691998371194,0.0872872976450164,0
112.051087_444.6,0.028175138682072616,0.039048360357338836,0.0412699701065411,0.06360481179196212,0.029636090735104134,0.01822270890198225,0.22569981688949187,0.4075119736419659,0.10932079409591815,0.037510334797623064
206.139234_136.2,0.029264709926440046,0.9085698937361489,0.0016480826863899693,0.0012946723787950873,0.012191015992666369,0.006553359645767954,0.006807735738593846,0.004499941353467924,0.0027260661055222126,0.026444522436207686
135.047977_559.5,0.007922047307477214,0.013371002293744293,0.008723540415436248,0.009115562288774226,0.013973127517995607,0.005069685002797398,0.5486063094170331,0.30828078962266925,0.062389183706631504,0.022548752427441116
255.107995_606,0,0,0,0,0,0,0.4956824017904354,0.3957583149532123,0.10247219055054148,0.006087092705810887
147.076968_702,0.021416355423685293,0.038142294547758956,0.013984326803760959,0.024801730073076806,0.030067668379577025,0.009153302291642589,0.3853456992865723,0.36620469480616663,0.09013447100307646,0.020749457384683014
258.110652_651.6,0.006411628359097755,0.009087826393882526,0.004843908227256844,0.0060035614542199404,0.008485722611981434,0.0029970859713543433,0.5571063008542522,0.3733268646885426,0.023078829362194346,0.008658272077218025
179.074191_644.4,0.01399088284611851,0.009281519602318971,0.007999814244517992,0.007172807787212341,0.014282242883681844,0.008588854163251586,0.6248498266999931,0.277452622705847,0.023428077217423706,0.012953351849634946
156.077302_687,0.025705209622681496,0.029687842492523663,0.02593477451963218,0.055596627010065215,0.02176132016035527,0.015721302669806397,0.37026029159683094,0.27620927520430827,0.13893434920242992,0.040189007521366595
120.066069_679.2,0,0,0,0,0,0,0.8345318577958658,0.16546814220413422,0,0
110.027576_681.6,0.006794190179289955,0.025343252396459664,0.001302693942808393,0,0.007388715648737623,4.495429525750719e-4,0.48906622371367814,0.33852156399285666,0.1198541183939653,0.011279698779629165
104.1073724_641.0484594,0.015375959722998184,0.01892302329205906,0.014132423962648048,0.023392238605681685,0.03060797159769756,0.009092537342942653,0.5318186159431096,0.27003929101916563,0.06274624308561493,0.02387169542808267
107.0733634_545.6709823,0.010480765893628455,0.020598956498327263,0.008256935731360895,0,0,0,0.5796585008786995,0.2948462775428386,0.07540540597389458,0.01075315748125073
116.0709257_528.2851637,0.017845986435391772,0.02450846923657552,0.015956158570302463,0.03686393896217625,0.021152350381679924,0.008408930371536064,0.4268198859237461,0.32483681597879105,0.10570090265147677,0.01790656148832415
118.0863989_431.2936762,0.025370298268021188,0.04197961772568347,0.033185483861010764,0.04696693653143984,0.096760149970975,0.014967530237735036,0.30290975256147123,0.2832964964455393,0.10811699998220893,0.04644673441591523
120.0810534_317.567317,0.00863541079999557,0.011543313481487386,0.009130515006409172,0.0288606239913833,0.012198564786829532,0.003317264275544657,0.5031206783869773,0.29806266385009206,0.10834531680122729,0.01678564862005371
121.0319755_496.2654472,0.0014588670023484517,0.0051111958549089264,0.0020480023825758193,0.005011138643462516,0.00449111796430158,0.001599900950704655,0.7186506694445014,0.23041213658655657,0.025752450889350336,0.005464520281289756
121.0683869_642.0609838,0.0028654810450815613,0.0025905596591291728,0.003389376625660861,0,0,0.0029094526212209205,0.7579180528276892,0.21000468237864836,0.016318604571934726,0.004003790270635147
130.050048_665.9210447,0.021679913262104236,0.039496851004938084,0.015658006285380124,0.02452809797933443,0.02925226739234645,0.009623031387062442,0.38045428916969665,0.3698559161736485,0.0892647696430396,0.02018685770244947
131.0704165_606.9629787,0.032889283601283396,0.06216175869226721,0.04077036223906072,0.040992619050541294,0.03991322535356576,0.02297990614579626,0.5284441730482907,0.1165854575129247,0.08480524977983583,0.030457964576434134
132.102017_391.7549062,0.04191238509099059,0.04448353044444849,0.023647731723640958,0.054220208990612855,0.04040907779762916,0.009893515826344419,0.34385608423716435,0.2471073426322507,0.14277542569200988,0.05169469756490859
132.101973_558.184633,0.020409929528445326,0.04294010650355734,0.03656612119624499,0.036828873685043784,0.046732555672925405,0.020524806350992998,0.3277551527518949,0.28852163222410937,0.13162415890856657,0.0480966631782193
134.0812695_610.8642431,0.0015257316570823581,0.0059548557848272095,0.0033526363117981784,0.002307641310509201,0.0043838447486594274,0.0015079287438239757,0.7365660127601287,0.2259115116962337,0.01251526194431331,0.0059745750426239246
136.0507939_425.480355,0.10137334377924945,0.08974013322778339,0.10612038146582486,0.10391141054453906,0.10458050311127429,0.10558123138969777,0.08913076606994365,0.08732013621375817,0.11172730955264289,0.1005147846452864
137.0458775_372.2149785,0.024166843036663492,0.0286720719263348,0.03474768162980574,0.027921951084722247,0.02509652367574772,0.017166789980673506,0.37727517280180445,0.3698177396975506,0.06785270462026716,0.027282521546430297
137.0458872_449.4238978,0.02462762020190845,0.02939238677972665,0.03915141621957979,0.031119884146202235,0.02216821821015307,0.01627722289548425,0.35485233869242055,0.35505935273741124,0.10073373121839349,0.026617828898720216
138.0548868_321.127119,0.011854943563252129,0.011395806066906032,0.012254691504082213,0.015939662588396825,0.011844338201767652,0.004049168093115767,0.4559854361794305,0.37292359809306236,0.08124930926232597,0.022503046447660557
138.054973_462.9418971,0.012239410233999248,0.01626320532943004,0.014117523545861089,0.030808247087236493,0.018921351791501388,0.0040644189635594625,0.4470277141098678,0.3263157680218175,0.10978218026401713,0.020460180652709884
141.0658822_432.0951942,0.022598775152012272,0.03089486059947172,0.0312970090532158,0.04372574503392988,0.031847803715889855,0.008129526226969693,0.40780298754019656,0.3001358281341886,0.09204579877720283,0.031521665766922786
143.0815933_478.4273219,0.023528488805884627,0.030845774248119448,0.017303881949356677,0.024998322612101262,0.014843597732888032,0.01053712166949101,0.4712991244722004,0.3364309599458884,0.037440722914996435,0.03277200564907367
144.1019499_386.2657313,0.03216458826411398,0.04811255062704606,0.0310003429849388,0.031262435376749255,0.052599075048895834,0.011766358406093701,0.26669570920690633,0.29666322020634545,0.18127354957488603,0.048462170304024575
145.0608101_610.8323968,0.0017034400263190282,0.007105362010667057,0.0024752619618331477,0.0012715083078996465,0.0029324632551800817,0.00052340465295556895,0.7046199290742406,0.2622871509145479,0.013605822230265126,0.003475657566091775
148.0604571_727.2183115,0.05382430296096652,0.03327726249360796,0.027267742640215403,0.02364167567003527,0.04275887783840996,0.019569555901118592,0.35781673687560245,0.33229734728661814,0.07360634476820778,0.035940153565217875
148.0968289_492.3090337,0.024618489940548716,0.030470703817059824,0.02297784611421341,0.018747757203706236,0.02031331616461077,0.008317436324891308,0.39688430848544476,0.3269391476819816,0.1104724127225368,0.04025858154500654
149.0631499_608.7510481,5.470716203616025e-4,0.012214584960817537,0.003221652570917278,0.0036771979219776926,0.0035580901573412285,0,0.8053235221842525,0.15703976334819472,0.01155085211368768,0.002867265122449735
150.0774891_376.277913,0.013392933237759964,0.020096370423954183,0.021759522557271354,0.017330738885619628,0.013342642047931837,0.007459757450582188,0.28199986727952087,0.3973163260997016,0.2076157204665399,0.0196861215511185
151.1441453_396.8044087,4.949809098383446e-4,5.037263286478741e-4,9.576284037722821e-4,0.00417542747427249,0.0035496946752196015,8.268711952946356e-5,0.6035863897584722,0.289182435588278,0.0948798588433827,0.0025871708985869928
152.0567315_442.0560373,0.022841140418839473,0.03425334886084162,0.02367786334089025,0.06175454200454713,0.032473553232372526,0.018663141578626675,0.30099874770831814,0.3439140680356026,0.13341309788997993,0.02801049692998163
152.0567341_487.3730565,0.06202599363805698,0.048987902473888206,0.06957196732826049,0.047217797664916426,0.040685873348634445,0.03189436096397546,0.3182765585155626,0.25693252800510247,0.0789273718652696,0.045479646196333406
152.0706519_544.8104584,0.021785448279536535,0.03409017245084324,0.024533054118122725,0.029951898519470777,0.01613999735328554,0.006085176807418646,0.4926368283859317,0.22073259984638102,0.12257790600506864,0.031466918233941245
154.0532475_313.6787607,0.103450879521722,0.090851954623249645,0.049466768379102424,0.05793702079672578,0.045703870967625626,0.013722037267758558,0.15453316509858492,0.20884728129557822,0.172737068065426,0.10274995398422682
154.0723038_538.1946704,0,0,0,0,0,0,0.47277962645028176,0.5272203735497182,0,0
155.0814682_523.2312039,0.032841748383245786,0.04570276255875801,0.03307737285359217,0.05926872504509675,0.038146590475964276,0.012548551354889807,0.2991776369254784,0.3049947743869332,0.11416426338531191,0.0600775746307297
157.0972657_439.6191021,0.02862050178967246,0.052700115151886696,0.04700656297417704,0.0533149293673361,0.030395867169372114,0.00873453256227358,0.3047010314546782,0.3349888279792047,0.08509287667675636,0.054444754874642703
158.0813005_468.4200854,0.030728508105635596,0.054421773383008326,0.03712168779295736,0.03499593013438249,0.04059432576289076,0.018710115183823407,0.1800686906772496,0.2710885072354444,0.287573715734204,0.04469674599040413
158.117615_328.6930953,0.020132299152801163,0.04679077645634581,0.0320241114127341,0.051614391749892866,0.04463952922999313,0.03727260298911051,0.3618326811133741,0.2831007314227917,0.08289855458767167,0.03969432188528496
160.0369543_320.1758161,0.007052499049643129,0.0013369970040651663,0.002538830108403827,0.006154670329117233,0.012300463949857031,0,0.515099738512304,0.3774693950312762,0.06854951107639332,0.009497894938940142
160.0969008_409.2745036,0.0644420627300124,0.07102984674242167,0.03053370379501513,0.028817757475699656,0.06363046533623952,0.025195538205025285,0.2742166515672419,0.2670613430481206,0.11612088749340922,0.058951743606814565
160.0969025_453.7895163,0.039679221561386785,0.08888221491344996,0.09168089873746482,0.10742301963409724,0.05417678226712034,0.04170636071977675,0.1950320300147313,0.14299560022475166,0.1486937923875312,0.08973007953968999
160.096881_502.2138686,0.019176042216781736,0.030150998234251512,0.01902621681805735,0.019768994165267336,0.02261789487602669,0.007717004577127794,0.3250671188183936,0.35408603503450653,0.15792109993154355,0.04446859532804394
161.0631374_555.1330923,0.0015293757199226822,0.005369653070244431,4.7766042932741865e-4,4.386566154780019e-4,0.0015013123023976094,1.3627793790652309e-4,0.8163190965943574,0.16393654837756524,0.007814317462498105,0.002477101490302522
162.1125331_409.6885263,0.023937655708584374,0.046443896186156505,0.04345322495690727,0.05110462963490161,0.05428240084984183,0.03577022469639539,0.33155566567598727,0.20127534145397363,0.1781621577701378,0.03401480306711434
162.1124785_486.3543587,0.012466876960997476,0.03707817257152358,0.014022417539036382,0.012641464443947122,0.014117347676430367,0.004989690797734877,0.49511037192903173,0.318439204369274,0.07190118827678284,0.019233265435241707
165.0581105_499.7950538,0.024295435416181534,0.011325421043554301,0.004282187775931952,0.00967711316149947,0.0039279683439525075,0.0013400228711320616,0.6848127870074374,0.2209911454460886,0.019326331158042907,0.020021587776179312
170.0683824_1014.332912,0.008922600023189996,0.013202714927937476,0.013348154664440223,0.011914647534454051,0.009201920608728589,0.0045883815316405865,0.6819202012595229,0.1568859914543042,0.08513644749628842,0.014878940499493575
170.1175901_484.2665713,0.05754639871940241,0.11598951967459623,0.1368462875107767,0.13144743777046072,0.13784455157333006,0.09169871835528036,0.07776590699219871,0.12008113811297444,0.07444924998665547,0.056330791304324876
173.0921477_499.7070247,0.06597895703885324,0.07015661679914367,0.0505400410097461,0.06717746151595513,0.05400079691562967,0.024407690502364295,0.09208467385002683,0.25274117363035076,0.20765766007930223,0.11525492865862817
174.0220161_326.9314099,0.004121554094374158,0.01867253390964728,0.002742121873560414,0.008485882619605794,0.008936133486197952,0.002157973625740902,0.7160399355761712,0.21100086381292033,0.022351064593767605,0.005491936408014437
174.1125798_413.3930675,0.04162381469422621,0.123788088162937,0.13561859719149677,0.12014879716560886,0.12858718863483978,0.10168486783402725,0.05371874444941254,0.07430691770651324,0.10721361343759442,0.11330937072334393
174.1125976_483.4504888,0.06283411234880304,0.0850785066632106,0.053723484687933906,0.07267730884207291,0.03838675199302626,0.013890957354860957,0.1600265176673976,0.2524894695771902,0.1897274321561564,0.07116545870934812
175.1190291_1069.967292,0.00843866676953481,0.00792959044078417,0.005345017538454639,0.01179414843544048,0.023305129225279216,0.0032174796261794894,0.564050281973683,0.3395919588273788,0.03158118381907154,0.00474654334419387
176.0917904_646.095874,0.04620377045120251,0.05067377598818191,0.042047335336410564,0.05346252274154249,0.03040797732457448,0.033381479248327885,0.3630931062943803,0.288121732417434,0.06313422765302036,0.029474072544925647
176.0917942_446.0219702,0.04103271681820998,0.1254427980431018,0.12461662647315673,0.11439513852096207,0.1235100583502812,0.07714350531852365,0.09096515308674141,0.09273257601332051,0.1093519464974401,0.10080948087826255
176.1281461_619.9794573,0.030632033757706404,0.03349277039148301,0.021312550961830566,0.0154382422236055,0.03141483126601145,0.009519284582154295,0.3437861175777256,0.35395859039800037,0.09867259605563311,0.06177298278584971
176.1281837_470.9343098,0.004569040047797353,0.011624157624117394,0.00676209344405038,0.0073385235683630454,0.00902741277070043,0.004078166180831975,0.7670148218743381,0.17169374499319848,0.010460277257000774,0.007431762239602064
177.0580884_550.1598993,0.004267052428287231,0.01982357937394119,0.022973760867878317,0,0.005934584984034195,0,0.3344850446763051,0.36223083090527203,0.18271628546538465,0.06756886129889733
179.0048127_421.0281658,0.0633405468508661,0.14899535152584012,0.14618086693127866,0.1550058494800098,0.1530801423580617,0.14105298474133518,0.03227418487490414,0.042082374207179085,0.06136498864565876,0.056622710384866486
179.0240382_395.6276755,0.0114176031221239,0.01152412524674464,0.01564928323146957,0.034390704235384914,0.030951666534395985,0.00399725371912483,0.35310907322571355,0.323004020854858,0.1866644546223163,0.029291815207868308
180.1019072_503.0638448,0.016430538391201486,0.025223094630413934,0.023036243740629018,0.0415286154803657,0.02558559360040585,0.010869867242007177,0.46644440151260363,0.28398313581884316,0.07049683162794537,0.03640167795558466
185.0921561_481.029261,0.09945944160773068,0.08311221707040228,0.09433914727363647,0.08824629573563113,0.09472000586241579,0.05042963882075862,0.09047191596674865,0.14219012398385739,0.11691908647233382,0.14011212720648517
188.0706756_452.1935026,0.009100796145862558,0.012845931028358893,0.00646852426890732,0.023948490046394877,0.012141289807781166,0.002831964906777427,0.5002271546990825,0.2848413147222395,0.12724339898101264,0.020351135393583217
189.1234588_415.6321167,0.07333779100951873,0.10339519173574292,0.07713873531710302,0.059837119396178445,0.06129689402433358,0.03408663191009119,0.1591808574749702,0.17289527141244815,0.17709008610357324,0.08174142161604045
193.0530528_652.4857642,0.0014098404515562352,0.007584625123469211,0.003202098140479445,0.004173961759556751,0.0028974862827252645,0.0013978161753413786,0.7773545265003244,0.18921705438040046,0.008151724873277786,0.0046108663128691324
193.0893909_607.0300163,0.04201863141028913,0.050027942877142136,0.04673355168295096,0.045461691127279893,0.0334167053037682,0.02810914054431483,0.5154695552474139,0.08135848347481169,0.11527062118370947,0.04213367714831985
195.0764959_604.8117975,0.0023091325186903417,0.003780578428865052,0.002865215923125016,0.0023510560199152615,0.007659916045224085,7.12449457127447e-4,0.7084284209052865,0.11919452728064711,0.14846907749927535,0.004229625921843876
196.0830337_301.6962453,0.039155999232555284,0.029726922676005962,0.05466509073194276,0.017306623469333694,0.060228798877136565,0.08885955510297065,0.15493277704763697,0.3290946327106347,0.15666970233420138,0.06935989781758205
204.1231804_433.4715791,0.014960164102020833,0.022947482066190263,0.018132350242763124,0.017387785618318014,0.03549260717650339,0.012271349920130546,0.5372507526998145,0.2801045530141512,0.04613619125982643,0.015316763900281753
206.0350891_395.3834774,0.009317398175105112,0.008046573573940105,0.0147098267035693,0.02953642497695715,0.027704620121712247,0.0011835653746444543,0.36573280782522855,0.3288109005080915,0.18473183711240815,0.030226045628343468
207.0686307_532.6265153,0,0,0,0,0,0,0,1,0,0
207.1704487_393.7229648,0.005030916361618406,0.004589855459631197,0.0038876993659165125,0.00973811868792537,0.011651991715019273,0,0.39128996425564094,0.3682321828869639,0.19470883041624015,0.01087044085104424
209.0478401_664.2395782,0.00833590547110482,0.009453830623622924,0.008431876452718458,0.00631561506904139,0.0118805609333687,0.0054069527468893095,0.7480326568419193,0.17950910868065567,0.014704380194530027,0.007929112986149402
209.0842635_430.7906915,0,0.1616365480552278,0.12886832681280921,0.12344490674615496,0,0,0,0,0.547258274855617,0.03879194353019106
209.0843609_484.3683671,0.00111073704658635,0.018055835193715796,0.004846185689362048,0.010287229547593885,0.007960933811518621,0,0.6274489491602372,0.29206251421282803,0.024232976471804783,0.013994638866353373
211.0564697_727.2634504,0,0.145954293115186,0.14725423077252073,0.1425800403843609,0,0.04772434176661704,0.0025646534698800395,0,0.31723762115685644,0.19668481933457885
219.1703313_390.4889715,0,0.001453997100035995,0,0.0030510619627131456,0.006691545558075022,2.7639027205157365e-4,0.48340114815302987,0.34537225311823505,0.15496232947767863,0.00479127435818068
221.084251_315.8491613,0,0,0,0.09091160881397943,0.26398612166191143,0.2603859441985295,0.3847163253255797,0,0,0
221.0842734_335.0619025,0,0,0,0,0,0,1,0,0,0
221.0842781_487.3496254,0,0,0,0,0,0,0.7185226886741937,0.2628432694513036,0.018634041874502738,0
227.1754177_131.8983339,0.08361715888017868,0.11730456732804678,0.11128380320500236,0.038375994008500544,0.02510026021748368,0.0662260247774459,0.16318233106909083,0.17046032665361482,0.14889747930243047,0.07555205455820592
228.097854_380.1458074,0.020575349664867088,0.037932988545973045,0.03794196365720983,0.09035044116814586,0.03823994758184804,0.01760410150154938,0.35090294057367727,0.30657005537663606,0.07339946730232653,0.026482744627766945
232.1180483_369.8111362,0,0,0,0,0,0,0.924194108077012,0.075805891922988,0,0
235.1652918_430.9363628,4.701074653038432e-4,0.0015255550965749618,9.302419779382284e-4,0.002131481549984089,0.012993297463268291,6.391709174691638e-5,0.5819673391443684,0.37944154353857223,0.01818238451058922,0.002294132161653816
236.1492202_594.3484069,0.00754237797511706,0.007906827727302699,0.0044677591292540024,0.005974876508339615,0.007072405333476481,0.003938235856165894,0.681678441386057,0.25573534164322836,0.019638302296655336,0.006045432144403497
236.1492911_493.8084391,0.007509692113006563,0.009070709396353483,0.009823146013654629,0.012398952390954697,0.004004286292523987,0.003584378407397457,0.608241989497376,0.28535399522644195,0.05127377833526213,0.008739072327029213
238.0523797_700.1635008,0,0.11874095912291534,0.1011268906726654,0.2189146019405092,0,0.06210822865966491,0,0,0.38252609232154744,0.11658322728269765
244.0929068_473.30573,0.01591353770233417,0.023377036264932167,0.023172479360745873,0.06362307944923924,0.03718666812217688,0.009601395372516421,0.3610276847689994,0.36412269685790966,0.07628602699479689,0.02568939510634926
249.1347153_320.8399961,0,0,0,0,0,0,0.670098725504798,0.329901274495202,0,0
252.0830154_726.8016033,6.565382512004049e-4,0.1690415888225679,0.13497500972808643,0.12691692411626804,6.748654294032539e-4,0.056579644296809964,0,0,0.33564465039287494,0.17551077896278905
252.1091636_207.5733001,0.016151089288070103,0.021076596542463646,0.020293993501433735,0.02098445102680083,0.014189357126095644,0.011286162725357778,0.3581578958029391,0.4255662486070044,0.08591036735429783,0.026383838025536906
252.1441108_631.9092477,0.011168518072986132,0.00709875447972241,0.006539731730526786,0.00562316107878694,0.013815322603851833,0.006437919581906129,0.753046221093987,0.14650112407962476,0.03663250848297697,0.013136738795631021
271.1288395_581.9728044,0,0,0,0,0,0,0.6201045724678382,0.3798954275321617,0,0
284.0990577_533.6457598,0.030240848091057763,0.025160993927115044,0.008502890663544163,0.052286843857211836,0.04899951353395352,0.012400134938970702,0.4455623069954193,0.27970578607187896,0.08016139341183719,0.016979288509011446
285.1445459_394.4216053,0.0027636712975064497,0.008969001221306012,0.0018192918253973418,0.006749975186457878,0.005176499583337718,0.004055357225446051,0.7190431835190026,0.231362187981687,0.013556334464828646,0.006504497695030331
285.1445208_490.5048674,0.0014087092934342348,0.05637266732078385,0.0022959974900703638,0.003006341718016327,0.03617774513922621,0.0014014128355214557,0.6275727942960144,0.2462276826160405,0.019819968559465568,0.005716680731427035
288.1917714_430.7737312,0.00848126549293617,0.010348859288445774,0.015019537279029278,0.014978684804609493,0.08393599417727181,0,0.4303052096701142,0.350460820080075,0.06812071947877245,0.018348909728745824
289.1392912_616.5382127,0,0.005211907643769021,0,0,0.009305084735772755,0,0.8366654603312587,0.1350180570347041,0.01379949025449544,0
292.0629066_727.3293767,0,0.1718623790390305,0.11264350589785661,0.14397746799136962,0,0.08251417940336689,0,0,0.3146967093448405,0.17430575832353587
297.0846129_320.7671139,0,0,0,0,0,0,0.6067278823224641,0.3932721176775359,0,0
303.1550828_550.3408699,0,0,3.9335691594372314e-4,0,0.004773370380734858,0,0.7357057395789357,0.2104583551523971,0.036134927684346986,0.012534250287641475
308.1604906_320.9923124,0.0011811891414331144,0.0011412466405301648,0,0,0,0,0.5768493717372748,0.38125943118257866,0.03270329035686192,0.006865470941321411
326.0563139_395.0956677,0.02525176318908217,0.037163513201836605,0.04511455519028215,0.08156651528575408,0.06437988366428224,0.010845152512895136,0.21274731187040102,0.19101095506135413,0.24303593049262165,0.0888844195314908
329.1741561_430.3804999,0.010181539183257378,0.014476135300339869,0.015219791051811907,0.020069918186099708,0.04997394675560864,0.004951499957625066,0.43085513515763035,0.33155430194261337,0.09384817445639311,0.02886955800862062
333.1293282_676.9274704,0.0025912578556087527,0.005869174637074187,0.0012306394371773615,0.003010969266951593,0.011998655019751595,0.001980340935139243,0.7794425614204488,0.1833122059270979,0.00673360827451633,0.0038305872262343037
416.1777508_546.4650766,0,0,0,0,0,0,0.6612594491509272,0.2609953462301875,0.07774520461888539,0
455.1888225_380.5471089,0.0013515030584892733,0.010501917188997744,0.007956679507565982,0.0670564458851422,0.008721166086105368,0,0.3533709416190082,0.509503466898026,0.03539938968281305,0.006138490073852278
479.1922676_261.2286766,0.006138262422833917,0.013402914642993494,0.00791572405500606,0.010653204149333802,0.01075896576512137,0.012402108929502843,0.40488074153028114,0.332146026131544,0.17765829875128702,0.024043753622096466
84.04502893_727.2183115,0.0540659110890603,0.03597036406221674,0.028789029760924525,0.03335892165637147,0.041723258318120134,0.020247617557320848,0.35400193773246375,0.32444503666210756,0.07284412304689518,0.034553800114519494
87.04464517_608.4668507,0.012572819506587774,0,0,0,0,0,0.6898069501988481,0.24978237411098825,0.029509892922099386,0.018327963261476506
93.05775397_321.4714766,0.009876082127533329,0.00706366349548676,0.00826424119796091,0.011179531423980513,0.015590290483570503,0,0.4854298900147944,0.3669926263084469,0.0811443397434436,0.01445933520478309
96.04490153_320.9561097,0.023054712240130535,0.014600723770275052,0.013836252284490647,0.018707929587656515,0.016558047172583065,0,0.4368549050094467,0.36567277612319316,0.08262800184338405,0.028086651968840328
147.113353_1050,0.01721893635620726,0,0,0.061375147666039846,0.011717096566080746,0.00741143632163727,0.45869183295712673,0.3133108450002013,0.10267279132987686,0.02760191380283011
166.053791_583.8,0,0,0,0.03258139694816471,0,0,0.49524521213585976,0.2047287489068473,0.2674446420091282,0
150.058876_477.6,0.00452279649255236,0.007142327496958038,0.004211141870691528,0.011651927815530995,0.011110246603784917,0.0016484045564824946,0.613630723326641,0.26661628249058195,0.07020152719839415,0.009264622148382471
189.123918_582.6,0.22466902948627868,0.1706832411323335,0.11081970252027866,0.08471803299011202,0.09054778997798947,0.06207677767549256,0.028539409372850905,0.14913823141664898,0.05075331364791911,0.028054471780096037
133.097703_1007.4,0,0,0,0,0,0,0.4758063369579543,0.3011617000559851,0.12484711692198093,0.09818484606407968
218.139234_337.8,0,0,0,0,0,0,0.4864453534627778,0.45234530683049173,0.061209339706730495,0
90.055504_636,0.018822785277780668,0.010087340816339531,0.007387154462351047,0.008299986948012424,0,0,0.49190825160661344,0.37160114150722706,0.0745871092008249,0.01730623018085088
106.050419_711.6,0.03330598659137721,0.015702875373539663,0.009634305095108743,0.010974461362687135,0.02767260947872995,0.009912432947585214,0.48279995978324985,0.3313097952544422,0.05387714674058597,0.024810427372694066
120.066069_655.2,0,0,0,0,0,0,0.6400349914872319,0.3599650085127681,0,0
182.081719_585.6,0.024212730608592522,0.017653308261362723,0.01286518776506968,0.021783459513870486,0.017066115942907047,0.006282086098247633,0.3888633236149216,0.31765140527134306,0.1604844316088906,0.03313795131479463
124.039854_160.8,0.0038587813237928037,0.007639822243154279,0.00693654126829255,0.011890233907896874,0.01240767788679884,0.003261289453959517,0.5975754704639306,0.304477429938044,0.04523943913580001,0.00671331437833057
