mz_rt,S7E41D100_1,S7E41D120_1,S7E41D140_1,S7E41D160_1,S7E41D180_1,S7E41D250_1,S7E41D30_1,S7E41D40_1,S7E41D60_1,S7E41D80_1
131.129671_37.2,0,0,0.1093666120542406,0,0.233757451110259,0.06292745843064802,0.26391745389897864,0,0.0852999616551051,0.24473106285076865
137.046336_76.2,0.01671655658449817,0.02042364598651593,0.025840465060428145,0.08885619961882416,0.04838271504027639,0.010630107521920366,0.24517694682825436,0.1907187971015101,0.3013398922638041,0.051914673993968256
613.159793_55.2,0,0,0,0.015543879959036467,0,0,0.6146199741751637,0.3698361458657999,0,0
137.0459343_62.90067139,0.02535028202788704,0.03353509794277992,0.03172325012435007,0.05262679086364342,0.04440109172910831,0.02352359717336131,0.3601379774563011,0.2884078636734558,0.11028867314018673,0.03000537586892635
146.0601298_115.1621115,0.014741855978436458,0.02083128946104671,0.013011586152946836,0.038514604142815524,0.01982446992239332,0.011874030345841438,0.45621955793108676,0.26062285849591466,0.1267283109281996,0.03763143664131872
152.0567647_64.83684643,0.024256022935320965,0.04720459541329519,0.03637081195464105,0.08781494981509465,0.06305370522089461,0.02777183497327284,0.2840460508469344,0.2712207244225363,0.1280047702952285,0.030256534122781495
152.1282209_63.9090288,0.08886263485196175,0.12045718654954687,0.08543914873755573,0.07272226969004036,0.08149565159626344,0.15280576579351057,0.09009263817898303,0.05718652033524372,0.1326529666328538,0.11828521763404067
162.0775647_67.80700508,0.03338152158074915,0.03777467437460332,0.04306010105888625,0.03227008121056736,0.019412168869518995,0.025119665661971723,0.4061523785511546,0.2901808942057862,0.07300022866223858,0.039648285824523836
166.0863823_67.38254579,0.009402764686463604,0.01343611077441114,0.009415277961714144,0.03335951433264645,0.014708909555933127,0.004756604389415462,0.4604469873706732,0.2956834597081614,0.13776618341068222,0.021024187809899238
168.0517475_62.96376063,0,0,0,0,0,0,0.6972008442987188,0.30279915570128124,0,0
175.0788755_60.22615831,0.03159510741413391,0.04778599452142764,0.027329647505042094,0.027729001314456006,0.018651227661773413,0.02243505483589368,0.5838000822789255,0.06116133693220016,0.13448289702090085,0.04502965051524668
182.0674339_70.35688732,0,0,0,0.005658008074918261,0,0,0.6939500625371032,0.29294998769891195,0,0.007441941689066664
196.0831142_91.40899018,0,0,0,0,0,0,0.2686275886378257,0.40269060372403925,0.328681807638135,0
203.1392444_69.85619044,0.003016676308119531,0.005830450610198393,0.0037840725585062372,0.0061109753467818535,0.00826582566903683,0.0021900094738140216,0.5332823373866743,0.3980527551111345,0.031049221083497287,0.008417676452237063
204.1596333_53.36706598,0,0.042530660791487575,0,0,0,0,0.4452039973071516,0.43400412385181375,0.07826121804954712,0
206.0674531_155.2494688,0.0946583165312865,0.08818814019753425,0.0951082761058999,0.06507775661474967,0.06218000633933159,0.053452702633329637,0.13105747176612817,0.17231258283018858,0.1596849011629395,0.07827984581861215
221.0843545_53.4325863,0,0.004237537741913636,0.005202973698660743,0.007171696280222392,0.006251245769480597,0.0019185423351608048,0.7400755450269113,0.21875059849151207,0.013572950533290343,0.0028189101228480447
229.1548527_53.12191974,0.020172250713660054,0.029634696458864438,0.029588640118313622,0.022587649906991778,0.04401621524345467,0.023594492685144356,0.4070625692444287,0.33759852005625696,0.04965854340852742,0.03608642216435802
237.1235356_98.7078316,0.002429282792932637,0.0035171490143015853,0.0039323959859762034,0.004478307979511786,0.006046009988053904,0.0020438724909821113,0.6057832631464007,0.3392250995135035,0.02530485901060087,0.007239760077736704
240.1092399_56.47903286,0,0,0,0,0,0,0,1,0,0
241.029716_53.25975575,0,0,0,0,0,0,0.6968894467763261,0.1910258752733847,0.09096719852625033,0.021117479424038917
245.158845_138.0565836,0.06912349571034167,0.07840937418473855,0.13426439656811526,0.138928593562053,0.16091339306307906,0.1886363586796006,0.021257026337089573,0.043863768917437505,0.06279595318308806,0.10180763979445678
245.1861472_139.6494184,0.0032675384050687155,0.005370820908255839,0.005842487095504401,0.004923540883165549,0.006917996170235598,0.0018716260730526643,0.4847162882044943,0.4426395871717881,0.03623825370710353,0.008211861381331294
245.1861622_154.8680418,0.004236620639207996,0.006786117780533227,0.006365695169130955,0.006058998389721971,0.008936005243482478,0.0018456177348888348,0.5261529922318096,0.37904794473999975,0.04295359661185097,0.017616411459374332
248.9764101_54.08870611,0,0,0,0,0,0,0.7985508285990491,0.2014491714009508,0,0
260.1131165_60.39523365,0,0,0,0,0,0,0.8061624537493789,0.1741436473187245,0.019693898931896582,0
261.1311356_77.14754025,0.0830345744710977,0.10668574192444884,0.11004481099749779,0.1045115703218893,0.044586829236797125,0.06510032067728493,0.12151913359363584,0.1374874124820603,0.12173956382905216,0.105290042466236
263.1425622_128.0221591,0.001574713267450499,0,0,0,0,0,0.7898445496956303,0.19707868700913014,0.011502050027789057,0
268.1042443_77.65887735,0.020626922322319316,0.04146032292007597,0.02684600587470445,0.06203747293750765,0.03244090514828784,0.018769793001530588,0.3462180824225476,0.28672670049258286,0.13463397130004823,0.030239823580395453
269.0882034_61.14160671,0.019082097295975282,0.02967805718757051,0.024968307052359844,0.06871047131039046,0.03709140307478311,0.04146926816270881,0.5899389890807382,0.09300708010516771,0.07940451832093853,0.016649808409367493
271.1290685_52.41806518,0,0.007064781471294262,0,0,0.029819192800981893,0,0.64821539772304,0.3149006280046838,0,0
279.1705566_247.3869579,0.002647170828306596,0.007349244462680343,0.0014295126854520575,0.006013766365442384,0.004536028173960162,0.0024904325667608486,0.5657978014665859,0.3497350414504649,0.04813280119319534,0.011868200807151397
283.0871634_90.09500431,0.01645435571544479,0.0375537157751146,0.0490976743908086,0.10887834238077146,0.02306512106025668,0.010273728217820988,0.28032359380497196,0.23254759393782057,0.21082633483432778,0.030979539882662634
285.1447062_54.73665997,8.73792674102378e-4,0.047866146810878744,0.004009633166426431,0.003011091804121084,0.051199206184013676,0.0022156138880320623,0.6512332130735656,0.2105748353935236,0.022264580898245727,0.006751886107090714
285.1447149_68.40074345,0.0014927200424978565,0.005492523833499107,8.952717591090127e-4,0.004743920136644604,0.005283391019741246,0.003213327311621396,0.7832860322113573,0.18533335596128858,0.008219456309945252,0.0020400014142956603
285.6463754_59.87146572,0,0,0.006225143205303649,0.0018379482257181406,0.0031936357675789845,0.0012470403971971372,0.7773681614623255,0.20019949570358972,0.006056395063114218,0.0038721801751725694
288.2031897_54.33223266,0.006652142260778532,0.005843753604288819,0.008870893629251827,0.005663038032301418,0.01002570519677541,0.002149672378498589,0.6944498526623268,0.2156822876329899,0.039119473141122414,0.011543181461666198
293.2112471_586.4037885,9.629874368417235e-4,0,0,0,0,0,0.4163633547241003,0.5634834507333359,0.012873260228066704,0.006316946877655378
293.2112546_579.4244691,0.002759386583583222,0,0,0,0,0,0.4142863970353573,0.5660290773191062,0.011672840385396004,0.005252298676557194
294.1814449_64.92296684,0.023933939225295412,0.012731912566307967,0.02523561492830174,0.009793911927265333,0.025575218066631513,0,0.5116706692769154,0.232542358853429,0.10911026010710077,0.04940611504875294
295.129073_106.8791472,0.009424248627997277,0.043207485299381745,0.01440603362350274,0.6069325022948876,0.07289346058728835,0.006041159180852838,0.11224268317748183,0.08821330497586113,0.03322092492392162,0.01341819730882485
295.165447_143.8268234,0.012173174986321861,0.01084456445133816,0.010006420363020482,0.0012781993189384419,0.006594723530764365,8.803991404255933e-4,0.4767958222313737,0.4193086150209406,0.04826237462696484,0.013855706329912029
295.1654516_154.6182176,0.008516770754636058,0.020212628921058705,0.004945640110797902,9.700859223170758e-4,0.006110568571751134,3.5637614101529763e-4,0.5855106716820688,0.32281753512103084,0.027922321202493865,0.022637401572830285
295.1654523_168.4751531,0,0.0020960081675715707,5.611796618604916e-4,0,0,0,0.5197865898087728,0.460029264858904,0.013631936022961921,0.0038950214799291986
296.6058072_72.97321716,0.011644788987558951,0.018652460567771846,8.164676153690698e-4,0.00884273071823033,0.011100680070161965,0,0.4460275950706414,0.36663090673529813,0.11356614719213722,0.022718223042831196
298.0970625_125.7416991,0.024963300471259102,0.02818314231796224,0.027677779566578804,0.025173352284039587,0.029338665442237656,0.014577881591745011,0.5394068632167364,0.2058012404964653,0.07448313441125001,0.03039464020172595
303.1553058_53.22809363,0,0,0,0,0,0,0.8938360910057745,0.10175058346973367,0.004413325524491788,0
305.157303_96.28830412,0.07720503219999432,0.10502531058936626,0.10756769239062033,0.09165157217177966,0.038888936731978865,0.06009969224134989,0.11939944801832326,0.13779096971245347,0.1324478534240821,0.12992349252005184
306.4913056_226.3413875,0,0,0,0,0,0,0.96453466919443,0.035465330805570044,0,0
310.1399563_78.40972773,0,0.0071569045726482435,0.003388521368945086,0,0.00339154136606988,0,0.5673327488336982,0.3916774389158152,0.022667926004667632,0.004384918938155773
311.1239293_83.78906365,0.0062541734632617346,0.012099622937430433,0.011117913834740069,0.5204658401110781,0.0776764461927386,4.7132812656855416e-4,0.13004796325936685,0.12513647760280794,0.10458908215922297,0.012141152312784653
313.1548365_298.8117687,0.001621490179115931,0.0019058273195296251,0,0,0,0,0.5818915665494371,0.3648374859546784,0.04328182147030845,0.006461808526930514
321.2426874_559.8994389,0.0010345926455159649,0.001082611713451305,0,0,0,0,0.529279262892756,0.40037949614901625,0.060132678139828616,0.00809135845943189
322.1876676_71.15742318,0.010625821813141903,0.0060582189211493736,0,0,0.004963455228212327,0,0.6970367343070708,0.17868932403030985,0.06972134364721166,0.032905102052904034
325.1760554_178.1449476,0,0,0,0,0,0,0.9917320228487259,0.008267977151274171,0,0
329.1345876_173.5182049,0,0,0,0,0,0,0.9103345994204715,0.08966540057952854,0,0
329.1346514_52.83328813,0.0021307328822061,0.004879420341764118,0.0011101125411019518,0.0021427831864605216,0.023051372374518368,2.778666395641013e-4,0.75518528239246,0.18953703753162526,0.01772664575854648,0.003958746351753207
329.207344_169.207662,0,0,0,0,0,0,0.9836143477547716,0.016385652245228324,0,0
340.2597367_415.9966267,0.08802045928287411,0.0389392001961849,0.15090472770586277,0,0.028884723852230728,0.06333969766504931,0.30145912522552504,0.23386291579813975,0.05757676610205118,0.037012384172082184
340.7614677_401.3334033,0.036043066782327854,0.8086787910804816,0.03338966313179672,0,0.03368081715227355,0.016562761700939798,0.005790062943297004,0.01395138028016821,0,0.05190345692871529
345.0461979_52.6613203,0.011405920000122579,0.019145429648568787,0.07114785606169184,0.013694772799659182,0.04625105012864306,0.012147310527989362,0.3199347447102293,0.2831124610129681,0.20641548198933435,0.01674497312079346
345.6641741_233.7066387,0,0,0,0,0,0,0.9705826442353388,0.029417355764661153,0,0
346.1456507_296.9029712,0,0,0,0,0,0,0.8660383066694519,0.13396169333054808,0,0
347.1452432_52.43560351,0,0,0,0,0.0023510781470113635,0,0.8856954628158217,0.11038561104556889,7.976851634491361e-4,7.701628281489195e-4
370.6952356_160.6882957,0,0,0,0,0,0,0.8712975376557227,0.12870246234427737,0,0
375.2135903_245.869031,0,0,0,0,0,0,0.9561673465216691,0.043832653478330895,0,0
377.1458995_254.3509786,0,0,0,0,0.022720666348408095,0,0.5071215350834891,0.4520172471141118,0.010652228251607419,0.007488323202383578
381.1827642_267.9783379,0,0,0,0,0,0,0.7895185816487069,0.2104814183512931,0,0
404.7398363_347.9405712,0,0,0,0,0,0,1,0,0,0
419.6798873_388.3156623,0,0,0,0,0,0,0.8389883183401778,0.16101168165982213,0,0
424.2081388_158.5746698,0,0,0,0,0,0,0.7599188189855577,0.24008118101444234,0,0
459.2335624_226.3179393,0,0,0,0,0,0.003645754154192971,0.9963542458458071,0,0,0
470.2255841_333.030353,0,0,0,0,0,0,0.9823115318786299,0.017688468121370104,0,0
511.2407233_216.2897507,0,0,0,0,0,0,0.7911113449434717,0.20888865505652837,0,0
548.2722776_294.3531677,0.051644104215346646,0.019387211757114844,0.008552223565598161,0.004833647599776986,0,0.007640120026811835,0.3528763210153416,0.3344951795077397,0.11184669644367322,0.10872449586859695
589.2805093_326.1123568,0,0.007537052322309849,0,0,0.007638376275015102,0,0.9205285974008037,0,0.06429597400187122,0
605.3174559_381.9863246,0,0,0,0,0,0,0.9630181118500392,0.034514686369842784,0.002467201780118028,0
801.3309238_372.9605017,0,0,0,0,0,0,0.9140934044666167,0.08590659553338327,0,0
802.3342137_373.0096128,0,0,0,0,0,0,0.9149114119336061,0.08508858806639381,0,0
209.092618_76.2,0,0,0,0.03188924406236022,0,0,0,0.44962415858434884,0.518486597353291,0
205.097703_124.2,0.011189411376803614,0.016363343239007094,0.010462896303989005,0.03662797901210194,0.015252028573779703,0.005431676492502935,0.43728634767693614,0.2681576046003163,0.16896136694610214,0.03026734577846113
220.118498_70.2,0.014139122727597077,0.041633274774114236,0.008206345210817166,0.0797623136701928,0.05898614759871072,0,0.344632184466832,0.3089069059415247,0.1356695452405528,0.00806416036965841
